-305520.479   121.058     0.00    6.79
-305146.621   121.893     2.23    8.62
-304772.731   121.634    -0.69    9.54
-304398.809   121.543    -0.24    9.27
-304024.856   121.505    -0.10    8.96
-303650.871   120.851    -1.75    7.01
-303276.854   121.950     2.94    7.32
-302902.806   121.512    -1.17    7.37
-302528.726   122.350     2.24    9.94
-302154.614   127.512    13.79   13.54
-301780.470   144.409    45.15   41.21
-301406.295   166.016    57.73   55.63
-301032.088   190.125    64.41   52.69
-300657.849   196.947    18.22   49.15
-300283.579   187.361   -25.61   39.24
-299909.277   165.851   -57.45   27.53
-299534.942   145.455   -54.47   23.07
-299160.577   130.674   -39.47   18.47
-298786.179   120.798   -26.37   10.03
-298411.749   115.557   -13.99    3.95
-298037.288   114.019    -4.11    2.57
-297662.795   113.812    -0.55    3.38
-297288.270   115.223     3.77    6.15
-296913.713   117.537     6.18    8.17
-296539.124   122.090    12.15   10.79
-296164.504   128.507    17.12   14.13
-295789.851   137.569    24.18   16.89
-295415.167   148.143    28.21   18.19
-295040.450   157.850    25.90   14.69
-294665.702   161.351     9.34   11.71
-294290.922   156.757   -12.25   16.54
-293916.110   147.130   -25.68   20.69
-293541.266   136.500   -28.35   22.34
-293166.390   126.066   -27.82   18.57
-292791.482   117.834   -21.95    8.32
-292416.542   114.967    -7.65    2.36
-292041.570   114.946    -0.06    2.16
-291666.566   115.191     0.65    2.20
-291291.530   116.616     3.80    3.59
-290916.462   118.606     5.31    5.11
-290541.362   120.243     4.36    5.16
-290166.230   121.531     3.43    4.85
-289791.066   121.601     0.19    4.36
-289415.870   121.436    -0.44    5.10
-289040.642   121.467     0.08    5.84
-288665.382   122.810     3.58    6.13
-288290.089   126.002     8.50    6.22
-287914.765   127.930     5.14    5.58
-287539.408   127.817    -0.30    7.53
-287164.020   126.428    -3.70    8.45
-286788.599   126.670     0.65    9.33
-286413.146   130.418     9.98   13.17
-286037.661   137.302    18.33   17.93
-285662.144   151.248    37.13   24.11
-285286.594   162.550    30.09   25.62
-284911.013   176.067    35.98   31.86
-284535.399   190.059    37.24   37.79
-284159.753   194.580    12.03   38.65
-283784.075   194.043    -1.43   36.72
-283408.364   190.772    -8.70   30.48
-283032.622   189.663    -2.95   27.40
-282656.847   192.350     7.15   30.28
-282281.040   201.052    23.15   33.90
-281905.200   207.543    17.27   27.78
-281529.329   204.016    -9.38   27.47
-281153.425   194.890   -24.27   31.43
-280777.489   185.832   -24.09   28.50
-280401.520   186.455     1.66   27.38
-280025.519   199.110    33.65   38.35
-279649.486   227.796    76.26   54.04
-279273.421   264.812    98.40   58.79
-278897.323   291.834    71.83   45.60
-278521.193   294.733     7.71   44.00
-278145.030   268.159   -70.63   50.75
-277768.836   227.550  -107.92   41.60
-277392.608   198.910   -76.10   23.16
-277016.349   187.982   -29.04   13.41
-276640.057   189.145     3.09   15.73
-276263.732   196.980    20.81   27.43
-275887.375   207.478    27.89   35.66
-275510.986   218.313    28.78   50.49
-275134.564   235.267    45.03   62.05
-274758.110   252.650    46.16   65.29
-274381.623   266.759    37.46   62.48
-274005.104   279.184    32.99   50.93
-273628.552   306.289    71.96   70.09
-273251.968   341.537    93.57   87.45
-272875.352   391.236   131.92  109.83
-272498.703   448.097   150.92  117.92
-272122.021   534.230   228.60  128.10
-271745.307   641.500   284.67  151.51
-271368.560   748.733   284.55  140.99
-270991.781   807.780   156.67   97.24
-270614.969   792.813   -39.71  102.66
-270238.124   729.813  -167.13  114.60
-269861.247   628.644  -268.37  109.53
-269484.338   537.910  -240.66   83.20
-269107.395   479.148  -155.85   75.23
-268730.421   428.184  -135.16   62.25
-268353.413   398.234   -79.42   66.69
-267976.373   367.409   -81.73   61.77
-267599.300   355.024   -32.84   53.01
-267222.195   360.778    15.25   55.39
-266845.057   388.370    73.14   83.69
-266467.886   442.049   142.28  101.06
-266090.682   493.793   137.14   93.76
-265713.446   532.361   102.21   81.88
-265336.177   579.870   125.89   69.90
-264958.876   590.793    28.94   55.30
-264581.541   556.167   -91.74   77.27
-264204.174   496.910  -156.98  101.62
-263826.774   419.674  -204.60   86.33
-263449.342   363.620  -148.47   48.78
-263071.877   342.852   -55.01   40.04
-262694.378   346.078     8.54   44.78
-262316.847   376.400    80.29   67.35
-261939.284   378.667     6.00   71.87
-261561.687   364.090   -38.59   83.97
-261184.058   312.103  -137.63   90.95
-260806.396   255.967  -148.60   53.83
-260434.251   230.342   -68.84   27.45
-260062.987   220.757   -25.81   14.26
-259691.692   225.332    12.32   22.54
-259320.365   237.252    32.09   34.44
-258949.006   251.537    38.46   38.89
-258577.616   268.944    46.86   41.60
-258206.194   278.090    24.62   43.64
-257834.740   291.889    37.14   47.98
-257463.255   319.620    74.63   57.24
-257091.738   347.066    73.86   71.38
-256720.189   392.593   122.50   91.40
-256348.608   424.563    86.02   96.28
-255976.996   443.143    49.99   87.25
-255605.351   451.447    22.34   74.23
-255233.675   462.286    29.15   62.19
-254861.968   499.793   100.88   69.27
-254490.228   552.399   141.47   93.61
-254118.456   629.243   206.64   93.43
-253746.653   688.889   160.38   94.47
-253374.818   740.946   139.96   72.82
-253002.951   752.505    31.08   68.61
-252631.052   745.248   -19.51   73.79
-252259.122   704.601  -109.26   83.79
-251887.159   667.106  -100.78   92.33
-251515.165   608.683  -157.01   82.14
-251143.138   557.812  -136.71   60.54
-250771.080   519.495  -102.96   31.49
-250398.990   503.248   -43.65   17.95
-250026.868   500.640    -7.01   19.52
-249654.714   506.870    16.74   24.33
-249282.528   512.793    15.91   21.92
-248910.310   507.021   -15.50   25.47
-248538.060   494.140   -34.60   30.52
-248165.778   477.678   -44.21   23.83
-247793.464   470.352   -19.67   18.83
-247421.118   471.890     4.13   24.94
-247048.740   472.550     1.77   27.09
-246676.330   463.813   -23.45   29.44
-246303.888   451.013   -34.36   34.53
-245931.414   433.851   -46.06   31.59
-245558.908   419.663   -38.08   27.64
-245186.370   407.043   -33.87   21.46
-244813.800   402.178   -13.06   16.84
-244441.198   402.130    -0.13   12.52
-244068.564   405.370     8.69   14.23
-243695.897   407.961     6.95   14.92
-243323.199   409.831     5.02   11.48
-242950.468   416.416    17.66   13.80
-242577.705   428.870    33.40   17.93
-242204.910   445.293    44.04   20.24
-241832.083   462.670    46.60   19.89
-241459.224   475.159    33.49   18.72
-241086.333   480.478    14.26   20.68
-240713.409   479.150    -3.56   22.24
-240340.454   470.569   -23.00   21.64
-239967.466   459.436   -29.84   17.90
-239594.445   455.772    -9.82   23.81
-239221.393   464.685    23.89   37.25
-238848.309   469.302    12.37   39.08
-238475.192   465.816    -9.34   40.67
-238102.043   456.674   -24.49   38.61
-237728.861   444.418   -32.84   32.92
-237355.648   444.313    -0.28   40.59
-236982.402   461.795    46.83   58.37
-236609.124   481.439    52.61   63.07
-236235.813   483.145     4.57   60.98
-235862.470   476.537   -17.69   52.45
-235489.095   468.755   -20.84   32.82
-235115.688   476.274    20.13   37.96
-234742.248   498.370    59.16   48.28
-234368.776   523.390    66.97   42.43
-233995.271   537.933    38.93   36.37
-233621.734   541.967    10.80   26.45
-233248.165   538.428    -9.47   27.06
-232874.563   520.148   -48.92   36.09
-232500.929   489.852   -81.07   43.49
-232127.263   461.667   -75.41   42.48
-231753.564   434.274   -73.28   27.85
-231379.833   416.851   -46.61   18.19
-231006.069   406.946   -26.49   15.24
-230632.273   402.832   -11.00   19.14
-230258.444   403.757     2.47   20.47
-229884.583   398.120   -15.07   23.33
-229510.689   392.816   -14.18   25.10
-229136.763   383.870   -23.92   20.60
-228762.804   377.774   -16.30    9.26
-228388.813   384.776    18.72   15.72
-228014.790   398.229    35.96   21.73
-227640.733   417.926    52.65   26.82
-227266.645   435.086    45.86   22.34
-226892.523   441.388    16.84   19.07
-226518.369   435.409   -15.98   22.22
-226144.183   420.352   -40.23   24.79
-225769.964   402.286   -48.27   19.65
-225395.712   390.697   -30.96   16.25
-225021.428   385.722   -13.29   12.83
-224647.111   383.870    -4.95   14.63
-224272.761   387.380     9.37   16.60
-223898.379   386.332    -2.80   19.10
-223523.964   384.089    -5.99   16.92
-223149.517   383.569    -1.39   15.97
-222775.037   387.255     9.84   26.36
-222400.524   395.656    22.43   32.27
-222025.979   402.851    19.20   34.08
-221651.400   410.543    20.53   39.76
-221276.789   410.870     0.87   42.23
-220902.146   404.059   -18.18   36.62
-220527.469   401.890    -5.79   24.91
-220152.760   406.909    13.39   27.94
-219778.018   423.906    45.35   34.14
-219403.244   444.078    53.81   34.81
-219028.436   469.426    67.61   43.67
-218653.596   489.370    53.20   46.50
-218278.723   520.093    81.94   45.29
-217903.817   554.217    91.00   33.71
-217528.879   568.459    37.98   27.66
-217153.907   566.834    -4.33   32.27
-216778.903   567.755     2.46   35.70
-216403.866   562.926   -12.87   35.26
-216028.796   559.659    -8.71   33.20
-215653.693   548.241   -30.43   29.98
-215278.557   535.670   -33.50   32.12
-214903.388   508.455   -72.53   39.05
-214528.187   467.078  -110.26   47.65
-214152.952   432.455   -92.25   41.56
-213777.685   415.315   -45.67   26.19
-213402.385   421.293    15.93   34.31
-213027.051   447.418    69.59   44.93
-212651.685   481.370    90.43   43.75
-212276.286   502.851    57.21   38.21
-211900.854   519.351    43.94   38.99
-211525.389   530.274    29.09   38.34
-211149.891   542.197    31.75   42.26
-210774.360   554.582    32.97   40.78
-210398.795   564.153    25.48   31.04
-210023.198   583.725    52.10   34.59
-209647.568   610.304    70.75   43.29
-209271.905   643.361    87.98   48.62
-208896.209   670.198    71.42   57.70
-208520.479   701.082    82.18   64.92
-208144.717   732.191    82.77   72.07
-207768.921   754.153    58.43   64.19
-207393.093   763.810    25.69   59.19
-207017.231   742.111   -57.72   57.01
-206641.336   700.927  -109.54   58.78
-206265.408   672.089   -76.70   57.23
-205889.447   642.947   -77.50   49.36
-205513.452   622.870   -53.39   54.18
-205137.425   607.282   -41.45   54.83
-204761.364   595.640   -30.95   47.79
-204385.270   591.833   -10.12   49.08
-204009.143   606.282    38.41   72.85
-203632.983   615.870    25.48   88.75
-203256.790   606.024   -26.17   92.76
-202880.563   584.870   -56.21   80.46
-202504.303   564.524   -54.06   52.55
-202128.010   560.543   -10.58   46.79
-201751.684   567.343    18.06   54.03
-201375.324   580.616    35.26   59.44
-200998.931   588.049    19.75   62.27
-200622.505   589.197     3.05   55.50
-200246.045   606.531    46.03   63.13
-199869.552   650.776   117.50   74.06
-199493.026   694.505   116.11   65.21
-199116.466   742.234   126.72   70.48
-198739.873   785.184   114.03   65.84
-198363.247   809.567    64.73   61.03
-197986.588   828.550    50.39   59.53
-197609.895   819.021   -25.29   68.94
-197233.168   801.598   -46.24   77.61
-196856.408   791.812   -25.97   78.53
-196479.615   784.315   -19.89   74.51
-196102.789   788.086    10.01   70.73
-195725.929   775.380   -33.71   65.05
-195349.035   750.426   -66.20   54.59
-194972.108   728.248   -58.83   40.80
-194595.148   713.325   -39.58   31.46
-194218.154   705.596   -20.50   33.06
-193841.127   702.519    -8.16   38.02
-193464.066   696.655   -15.55   33.45
-193086.971   689.778   -18.23   25.41
-192709.844   684.814   -13.16   22.67
-192332.682   674.332   -27.79   24.56
-191955.487   656.531   -47.18   30.44
-191578.259   638.537   -47.69   28.26
-191200.997   623.210   -40.62   24.99
-190823.701   608.097   -40.05   21.88
-190446.372   600.793   -19.35   26.92
-190069.009   588.000   -33.90   37.71
-189691.613   572.814   -40.23   43.89
-189314.183   550.853   -58.18   46.92
-188936.719   523.290   -73.01   47.12
-188559.222   491.593   -83.95   40.50
-188181.691   465.569   -68.92   29.19
-187804.126   446.498   -50.50   17.44
-187426.528   441.228   -13.95   16.12
-187048.896   443.342     5.60   21.31
-186671.230   452.889    25.27   30.74
-186293.531   466.697    36.55   32.92
-185915.798   483.778    45.21   35.17
-185543.365   498.986    40.83   37.40
-185172.201   505.380    17.22   37.44
-184801.004   504.759    -1.67   45.11
-184429.775   499.682   -13.68   49.85
-184058.513   494.943   -12.76   48.25
-183687.219   485.120   -26.45   41.11
-183315.892   477.120   -21.54   31.95
-182944.533   472.350   -12.84   26.45
-182573.142   465.116   -19.47   22.25
-182201.717   462.321    -7.52   21.19
-181830.261   459.984    -6.29   17.03
-181458.771   463.043     8.24   14.07
-181087.249   469.780    18.13   17.46
-180715.695   481.714    32.11   21.34
-180344.107   493.074    30.57   20.54
-179972.488   505.293    32.88   22.91
-179600.835   513.021    20.79   26.11
-179229.150   521.241    22.11   34.01
-178857.432   524.870     9.76   38.81
-178485.682   518.796   -16.34   39.46
-178113.899   507.968   -29.12   28.64
-177742.083   503.016   -13.32   18.30
-177370.235   507.759    12.75   22.48
-176998.354   521.323    36.47   35.28
-176626.440   543.816    60.47   44.98
-176254.493   560.229    44.12   39.02
-175882.514   577.138    45.45   29.66
-175510.502   595.116    48.32   25.88
-175138.457   613.000    48.06   28.86
-174766.380   630.047    45.81   32.75
-174394.270   643.255    35.49   40.20
-174022.127   634.719   -22.93   47.14
-173649.951   616.909   -47.85   48.63
-173277.742   587.342   -79.42   49.63
-172905.501   564.644   -60.97   32.75
-172533.226   558.286   -17.08   25.97
-172160.919   562.082    10.20   25.72
-171788.579   562.908     2.22   25.05
-171416.206   554.204   -23.37   34.56
-171043.801   533.815   -54.74   38.78
-170671.362   508.644   -67.57   40.80
-170298.891   488.674   -53.61   43.39
-169926.386   471.191   -46.93   40.20
-169553.849   465.460   -15.38   33.73
-169181.279   459.342   -16.42   27.29
-168808.676   468.587    24.81   42.57
-168436.040   488.907    54.52   53.88
-168063.371   513.810    66.81   60.82
-167690.669   536.315    60.37   60.20
-167317.934   556.968    55.40   49.35
-166945.166   577.761    55.77   39.21
-166572.365   584.500    18.07   41.88
-166199.531   569.682   -39.74   58.05
-165826.664   540.998   -76.92   68.64
-165453.764   514.248   -71.72   61.66
-165080.832   490.817   -62.82   44.64
-164707.866   485.153   -15.18   37.63
-164334.866   487.185     5.45   35.23
-163961.834   496.282    24.38   37.56
-163588.769   501.248    13.31   34.91
-163215.671   512.418    29.93   36.11
-162842.539   519.286    18.40   35.66
-162469.375   528.525    24.76   37.93
-162096.177   526.304    -5.95   42.63
-161722.947   524.120    -5.85   51.64
-161349.683   511.972   -32.54   57.77
-160976.386   503.021   -23.97   55.01
-160603.055   499.812    -8.60   57.22
-160229.692   500.814     2.68   54.70
-159856.296   504.663    10.31   48.98
-159482.866   502.707    -5.24   44.61
-159109.403   500.008    -7.23   35.76
-158735.907   494.719   -14.16   30.18
-158362.377   491.587    -8.38   20.38
-157988.815   489.267    -6.21   15.60
-157615.219   480.924   -22.33   17.75
-157241.590   470.968   -26.64   18.49
-156867.927   459.585   -30.46   19.86
-156494.232   447.120   -33.35   19.58
-156120.503   441.834   -14.14   20.26
-155746.741   435.670   -16.49   19.35
-155372.945   430.185   -14.67   15.32
-154999.116   426.692    -9.34   13.52
-154625.254   419.830   -18.35   12.73
-154251.358   414.853   -13.31   14.26
-153877.429   410.135   -12.62   14.54
-153503.467   404.342   -15.49   14.30
-153129.471   402.667    -4.48   15.21
-152755.442   404.086     3.79   16.64
-152381.380   406.567     6.63   20.04
-152007.284   406.719     0.41   19.77
-151633.155   407.185     1.24   20.41
-151258.992   402.813   -11.68   21.22
-150884.796   388.531   -38.16   26.35
-150510.567   361.682   -71.73   38.76
-150136.304   333.531   -75.21   38.89
-149762.007   318.644   -39.77   26.22
-149387.677   323.172    12.10   27.01
-149013.314   340.984    47.57   30.74
-148638.917   361.832    55.68   23.85
-148264.486   383.267    57.24   21.00
-147890.022   400.419    45.80   19.83
-147515.525   412.531    32.34   16.93
-147140.993   421.418    23.72   12.83
-146766.429   424.460     8.12   14.30
-146391.831   425.753     3.45   14.63
-146017.199   426.059     0.82   13.39
-145642.533   426.418     0.96   10.25
-145267.834   427.755     3.57    7.56
-144893.102   428.852     2.93    7.22
-144518.336   430.812     5.23   10.40
-144143.536   432.799     5.30   14.10
-143768.702   433.040     0.64   17.25
-143393.835   430.210    -7.55   19.23
-143018.934   422.943   -19.38   19.40
-142644.000   417.321   -14.99   17.44
-142269.031   415.052    -6.05   16.44
-141894.030   413.110    -5.18   12.82
-141518.994   411.296    -4.84    9.25
-141143.925   411.833     1.43    7.27
-140768.822   413.436     4.27    6.42
-140393.685   417.245    10.15    7.06
-140018.514   421.531    11.42    8.75
-139643.310   426.960    14.47   12.14
-139268.072   431.582    12.32   16.14
-138892.800   433.593     5.36   18.44
-138517.494   431.467    -5.66   19.81
-138142.155   423.792   -20.44   18.88
-137766.781   413.580   -27.20   17.00
-137391.374   406.040   -20.08   16.14
-137015.933   398.719   -19.50   14.47
-136640.459   393.986   -12.61   14.65
-136264.950   386.493   -19.95   15.15
-135889.407   381.350   -13.69   13.18
-135513.831   377.493   -10.27   10.66
-135138.220   377.111    -1.02    8.77
-134762.576   378.796     4.49    7.55
-134386.898   383.493    12.50    6.65
-134011.186   385.380     5.02    6.44
-133635.440   384.333    -2.78   10.02
-133259.660   379.717   -12.28   16.27
-132883.846   370.815   -23.68   21.11
-132507.998   365.191   -14.96   20.79
-132132.116   362.281    -7.74   19.25
-131756.200   362.106    -0.47   15.42
-131380.250   366.813    12.52   12.75
-131004.266   375.037    21.87   12.91
-130628.249   383.736    23.13   13.83
-130252.197   394.961    29.85   13.35
-129876.110   403.097    21.63   12.69
-129499.990   407.388    11.41   10.17
-129123.836   406.455    -2.48    8.74
-128747.648   399.444   -18.63   11.71
-128371.426   391.888   -20.08   10.64
-127995.169   386.630   -13.97    6.10
-127618.879   383.143    -9.27    5.17
-127242.554   379.059   -10.85    9.11
-126866.195   370.270   -23.35   16.30
-126489.802   355.926   -38.11   19.96
-126113.375   342.361   -36.03   20.67
-125736.914   327.049   -40.67   19.37
-125360.418   310.310   -44.45   21.29
-124983.888   293.620   -44.32   23.17
-124607.324   277.776   -42.07   16.84
-124230.726   266.738   -29.31   10.99
-123854.094   257.924   -23.40    9.87
-123477.427   251.965   -15.82   10.71
-123100.727   245.525   -17.09    9.86
-122723.991   240.986   -12.05    9.37
-122347.222   238.259    -7.24    7.65
-121970.418   235.947    -6.13    6.63
-121593.580   232.351    -9.54    6.00
-121216.708   230.333    -5.35    5.72
-120839.802   229.463    -2.31    5.50
-120462.861   229.455    -0.02    5.60
-120085.886   228.710    -1.98    5.98
-119708.876   224.630   -10.82    7.06
-119331.832   220.370   -11.30    6.74
-118954.754   216.814    -9.43    4.88
-118577.641   214.611    -5.84    3.23
-118200.494   214.167    -1.18    3.05
-117823.312   215.172     2.67    3.30
-117446.096   217.070     5.03    4.52
-117068.846   221.963    12.97    7.55
-116691.561   227.704    15.21    8.89
-116314.242   233.452    15.23    9.46
-115936.888   238.370    13.03    7.86
-115559.500   240.852     6.57    6.87
-115182.077   242.500     4.37    4.34
-114804.620   243.890     3.68    4.60
-114427.128   247.674    10.02    6.26
-114049.602   254.563    18.24    9.78
-113672.042   262.567    21.20   12.75
-113294.446   272.342    25.89   10.95
-112916.816   278.286    15.74    6.68
-112539.152   282.796    11.94    7.68
-112161.453   291.165    22.15   16.24
-111783.719   301.853    28.29   19.64
-111405.951   317.625    41.75   26.68
-111028.149   337.725    53.20   35.63
-110655.352   355.241    46.98   34.42
-110284.287   360.172    13.29   28.67
-109913.189   354.353   -15.68   30.26
-109542.058   337.988   -44.09   19.33
-109170.893   333.398   -12.37   11.47
-108799.695   341.486    21.79   16.72
-108428.464   353.352    31.96   16.89
-108057.199   366.351    35.01   11.37
-107685.901   374.436    21.77    9.52
-107314.570   381.701    19.56    9.99
-106943.205   387.667    16.06    9.37
-106571.806   385.722    -5.23   15.45
-106200.375   376.229   -25.56   24.25
-105828.910   363.267   -34.89   24.26
-105457.411   358.043   -14.06   19.36
-105085.879   369.296    30.28   25.07
-104714.314   387.967    50.24   25.73
-104342.715   404.816    45.34   16.33
-103971.082   408.086     8.80   12.03
-103599.416   399.549   -22.97   18.19
-103227.717   391.167   -22.55   15.64
-102855.984   388.148    -8.12   12.43
-102484.217   393.816    15.24   13.98
-102112.417   402.399    23.08   13.18
-101740.584   408.567    16.59   10.71
-101368.717   413.663    13.70    7.95
-100996.816   413.333    -0.89    7.39
-100624.881   408.755   -12.31    7.80
-100252.914   400.580   -21.98   11.84
 -99880.912   388.704   -31.92   13.67
 -99508.877   381.908   -18.26   13.10
 -99136.808   376.759   -13.84   18.17
 -98764.706   373.833    -7.86   23.79
 -98392.570   370.418    -9.18   27.26
 -98020.400   364.037   -17.14   25.28
 -97648.197   361.111    -7.86   17.48
 -97275.960   367.486    17.12   25.36
 -96903.689   368.299     2.18   26.23
 -96531.385   366.255    -5.49   25.26
 -96159.046   359.674   -17.67   19.28
 -95786.675   357.167    -6.73   11.67
 -95414.269   358.452     3.45   15.33
 -95041.830   350.798   -20.55   19.53
 -94669.357   341.574   -24.76   18.70
 -94296.850   333.728   -21.06   13.27
 -93924.309   331.498    -5.98   10.47
 -93551.735   335.585    10.97   14.36
 -93179.126   344.140    22.96   21.18
 -92806.484   360.652    44.31   33.55
 -92433.808   370.093    25.33   32.27
 -92061.099   369.255    -2.25   31.34
 -91688.355   357.907   -30.44   31.33
 -91315.578   344.852   -35.02   22.28
 -90942.766   335.000   -26.42    7.73
 -90569.921   333.286    -4.60    6.95
 -90197.042   335.107     4.88    9.79
 -89824.129   341.601    17.41   23.40
 -89451.182   349.180    20.32   28.78
 -89078.202   344.333   -12.99   33.76
 -88705.187   337.906   -17.23   37.23
 -88332.138   325.947   -32.05   29.86
 -87959.056   319.982   -15.99   23.08
 -87585.939   326.725    18.07   24.12
 -87212.789   335.222    22.77   23.23
 -86839.604   339.995    12.79   20.82
 -86466.386   348.870    23.78   17.67
 -86093.133   356.434    20.26   16.77
 -85719.846   364.021    20.32   15.00
 -85346.526   375.130    29.75   20.91
 -84973.171   395.725    55.16   24.58
 -84599.783   413.005    46.28   24.68
 -84226.360   430.388    46.55   22.84
 -83852.903   445.870    41.45   24.16
 -83479.412   455.815    26.62   24.60
 -83105.887   463.890    21.62   25.50
 -82732.328   468.352    11.94   22.05
 -82358.735   470.002     4.42   18.91
 -81985.107   473.016     8.06   15.25
 -81611.446   481.778    23.45   20.82
 -81237.750   495.234    36.01   26.21
 -80864.020   506.576    30.35   24.08
 -80490.256   508.870     6.14   20.32
 -80116.458   500.444   -22.54   26.49
 -79742.626   480.717   -52.77   29.74
 -79368.759   455.103   -68.51   31.62
 -78994.858   432.159   -61.36   27.07
 -78620.923   413.138   -50.86   25.14
 -78246.954   392.704   -54.64   22.07
 -77872.950   377.574   -40.45   20.99
 -77498.912   365.835   -31.38   17.99
 -77124.840   360.204   -15.05   17.36
 -76750.734   357.161    -8.13   24.65
 -76376.593   352.120   -13.47   27.09
 -76002.418   348.963    -8.44   28.84
 -75628.209   347.493    -3.93   36.07
 -75253.965   345.968    -4.07   37.85
 -74879.687   335.335   -28.41   39.83
 -74505.375   328.426   -18.46   34.31
 -74131.028   318.889   -25.47   30.72
 -73756.647   312.517   -17.02   31.75
 -73382.231   307.634   -13.04   31.24
 -73007.782   300.929   -17.90   32.41
 -72633.297   301.556     1.67   38.53
 -72258.778   308.222    17.80   48.18
 -71884.225   311.835     9.64   52.30
 -71509.638   319.066    19.30   51.73
 -71135.016   319.531     1.24   50.49
 -70760.359   327.907    22.35   45.15
 -70385.668   340.486    33.57   44.85
 -70010.943   358.561    48.23   48.30
 -69636.183   382.576    64.08   42.23
 -69261.388   397.585    40.04   36.57
 -68886.559   395.148    -6.50   32.36
 -68511.695   385.926   -24.60   28.62
 -68136.797   373.388   -33.44   23.40
 -67761.865   363.047   -27.58   19.72
 -67386.897   357.442   -14.95   20.18
 -67011.895   356.293    -3.06   16.99
 -66636.859   362.389    16.25   16.51
 -66261.788   377.944    41.47   22.30
 -65886.682   399.217    56.71   33.84
 -65511.542   427.745    76.04   34.97
 -65136.367   449.342    57.56   26.15
 -64761.158   451.204     4.96   28.02
 -64385.913   432.674   -49.38   44.04
 -64010.634   392.325  -107.51   53.96
 -63635.321   355.418   -98.33   37.37
 -63259.972   346.198   -24.56   27.75
 -62884.589   352.908    17.88   31.94
 -62509.172   364.780    31.62   28.10
 -62133.719   379.040    37.98   25.33
 -61758.232   384.986    15.83   31.24
 -61382.710   404.138    51.00   37.55
 -61007.154   425.832    57.76   29.27
 -60631.562   426.531     1.86   31.02
 -60255.936   405.241   -56.68   43.33
 -59880.275   381.380   -63.51   38.36
 -59504.579   360.289   -56.13   27.70
 -59128.848   339.482   -55.37   31.73
 -58753.083   317.888   -57.46   40.54
 -58377.282   296.659   -56.49   40.40
 -58001.447   275.525   -56.23   34.95
 -57625.577   257.531   -47.87   30.77
 -57249.672   238.625   -50.29   29.09
 -56873.732   220.888   -47.18   21.36
 -56497.757   209.259   -30.93   14.80
 -56121.748   202.961   -16.75   12.76
 -55745.703   198.140   -12.82   12.24
 -55369.624   194.016   -10.96    8.59
 -54993.509   189.296   -12.55    7.28
 -54617.360   186.663    -7.00    5.93
 -54241.175   185.107    -4.14    5.24
 -53864.956   183.943    -3.09    4.43
 -53488.702   183.148    -2.11    5.04
 -53112.412   180.890    -6.00    5.80
 -52736.088   176.482   -11.72    7.36
 -52359.728   173.512    -7.89    6.82
 -51983.334   174.549     2.76    8.34
 -51606.904   182.093    20.04   14.75
 -51230.440   194.143    32.01   17.14
 -50853.940   207.389    35.18   14.30
 -50477.405   215.550    21.67    9.63
 -50100.835   216.031     1.28    7.29
 -49724.230   211.204   -12.82    9.60
 -49347.590   204.870   -16.81   12.69
 -48970.915   194.074   -28.66   16.24
 -48594.205   181.519   -33.33   21.03
 -48217.459   166.388   -40.16   23.04
 -47840.679   152.106   -37.90   17.11
 -47463.863   142.307   -26.00    8.52
 -47087.012   137.005   -14.07    4.64
 -46710.125   134.852    -5.71    3.24
 -46333.204   132.593    -5.99    4.13
 -45956.247   130.967    -4.31    4.27
 -45579.255   129.995    -2.58    3.67
 -45202.228   128.463    -4.06    3.33
 -44825.166   127.852    -1.62    3.14
 -44448.068   127.380    -1.25    2.91
 -44070.935   126.778    -1.60    2.33
 -43693.767   127.500     1.91    2.28
 -43316.563   128.125     1.66    2.76
 -42939.324   127.161    -2.55    3.11
 -42562.050   126.093    -2.83    3.29
 -42184.740   125.598    -1.31    3.15
 -41807.395   124.159    -3.81    2.05
 -41430.015   123.906    -0.67    2.33
 -41052.599   123.925     0.05    3.26
 -40675.148   123.495    -1.14    3.98
 -40297.662   122.908    -1.56    4.06
 -39920.140   123.059     0.40    3.83
 -39542.582   123.835     2.05    3.24
 -39164.990   123.736    -0.26    2.47
 -38787.361   122.085    -4.37    4.69
 -38409.698   120.963    -2.97    4.78
 -38031.998   120.943    -0.05    4.39
 -37654.264   122.049     2.93    3.64
 -37276.494   123.467     3.75    1.68
 -36898.688   123.289    -0.47    1.62
 -36520.847   122.625    -1.76    1.89
 -36142.970   122.380    -0.65    2.01
 -35769.735   122.519     0.37    2.31
 -35398.774   122.587     0.19    2.73
 -35027.779   122.656     0.19    2.77
 -34656.750   122.648    -0.02    2.58
 -34285.687   122.870     0.60    1.99
 -33914.590   123.550     1.83    1.85
 -33543.459   124.870     3.56    2.63
 -33172.293   126.255     3.73    2.61
 -32801.093   126.525     0.73    2.39
 -32429.859   126.286    -0.64    2.26
 -32058.590   125.335    -2.56    2.13
 -31687.288   124.259    -2.90    1.45
 -31315.951   124.174    -0.23    1.28
 -30944.579   124.156    -0.05    1.28
 -30573.174   124.452     0.80    1.41
 -30201.734   124.353    -0.27    1.45
 -29830.260   124.255    -0.26    1.54
 -29458.751   123.995    -0.70    1.70
 -29087.209   123.351    -1.73    1.71
 -28715.631   121.925    -3.84    2.64
 -28344.020   119.852    -5.58    2.65
 -27972.374   118.852    -2.69    2.11
 -27600.694   118.667    -0.50    2.54
 -27228.979   119.561     2.41    3.32
 -26857.230   121.059     4.03    2.84
 -26485.446   121.389     0.89    2.47
 -26113.628   121.426     0.10    2.40
 -25741.776   120.776    -1.75    2.14
 -25369.889   120.942     0.45    2.42
 -24997.967   120.330    -1.64    2.38
 -24626.012   120.049    -0.76    2.00
 -24254.021   119.611    -1.18    1.92
 -23881.996   118.853    -2.04    2.35
 -23509.937   117.343    -4.06    2.46
 -23137.843   115.204    -5.75    2.72
 -22765.715   112.281    -7.85    4.08
 -22393.552   109.455    -7.59    4.37
 -22021.354   104.834   -12.42    5.73
 -21649.122   100.792   -10.86    5.32
 -21276.855    97.620    -8.52    5.01
 -20904.554    93.428   -11.26    4.34
 -20532.218    89.852    -9.60    5.10
 -20159.848    87.089    -7.42    4.32
 -19787.443    85.817    -3.41    2.43
 -19415.003    87.852     5.46    4.60
 -19042.529    90.652     7.52    4.74
 -18670.020    92.978     6.24    3.75
 -18297.476    94.153     3.16    2.94
 -17924.898    94.085    -0.18    3.26
 -17552.284    92.947    -3.05    3.36
 -17179.637    90.870    -5.57    4.96
 -16806.954    87.323    -9.52    6.03
 -16434.237    83.474   -10.33    6.08
 -16061.485    79.452   -10.79    4.60
 -15688.698    77.574    -5.04    3.97
 -15315.877    75.763    -4.86    2.85
 -14943.020    75.270    -1.32    3.15
 -14570.129    74.598    -1.80    3.58
 -14197.203    73.524    -2.88    3.11
 -13824.243    71.370    -5.77    7.50
 -13451.247    67.644    -9.99   10.91
 -13078.217    63.585   -10.88   12.64
 -12705.152    62.611    -2.61   11.83
 -12332.052    60.853    -4.71   10.45
 -11958.917    59.960    -2.39    8.98
 -11585.747    60.270     0.83    5.82
 -11212.542    59.567    -1.89    4.64
 -10839.303    58.286    -3.43    3.53
 -10466.028    57.567    -1.93    3.13
 -10092.719    58.543     2.62    2.67
  -9719.375    59.380     2.24    2.74
  -9345.995    60.741     3.65    2.61
  -8972.581    61.580     2.25    2.36
  -8599.132    60.816    -2.04    2.84
  -8225.648    59.611    -3.23    2.90
  -7852.129    58.143    -3.93    2.15
  -7478.574    57.217    -2.48    2.09
  -7104.985    56.603    -1.64    2.60
  -6731.361    55.832    -2.06    3.58
  -6357.702    53.638    -5.87    3.87
  -5984.007    51.500    -5.72    3.24
  -5610.278    50.031    -3.93    2.70
  -5236.514    47.870    -5.78    3.55
  -4862.714    45.234    -7.05    5.28
  -4488.879    40.549   -12.53    7.48
  -4115.010    34.436   -16.35    7.51
  -3741.105    28.960   -14.65    6.29
  -3367.165    24.467   -12.02    4.88
  -2993.190    19.816   -12.44    7.89
  -2619.179    14.926   -13.07    9.77
  -2245.134    10.343   -12.25   10.18
  -1871.053     7.016    -8.89    9.77
  -1496.937     3.180   -10.25    7.46
  -1122.786     0.380    -7.48    2.89
   -748.600    -0.130    -1.36    0.00
   -374.378    -0.130     0.00    0.00
     -0.122    -0.130     0.00    0.00
    374.170     0.031     0.43    0.68
    748.498     0.333     0.81    1.28
   1122.860     0.674     0.91    1.57
   1497.258     1.888     3.24    2.50
   1871.691     4.707     7.53    5.48
   2246.159    11.674    18.61   10.40
   2620.663    21.390    25.94   12.49
   2995.202    30.013    23.02   11.28
   3369.777    38.002    21.33    6.39
   3744.386    41.759    10.03    4.84
   4119.032    47.452    15.20    9.21
   4493.712    55.352    21.08   15.20
   4868.428    63.353    21.35   17.51
   5243.179    73.398    26.80   17.40
   5617.966    85.116    31.27   14.64
   5992.788    92.082    18.58    9.48
   6367.646    95.567     9.30    7.98
   6742.539    96.593     2.74    8.83
   7117.467    98.620     5.41    9.56
   7492.431   101.097     6.60    9.09
   7867.431   104.034     7.83    7.55
   8242.466   106.870     7.56    4.66
   8617.536   109.153     6.09    4.45
   8992.642   112.442     8.77    5.69
   9367.784   116.889    11.86    6.39
   9742.961   120.052     8.43    6.19
  10118.173   122.034     5.28    5.50
  10493.422   123.507     3.92    5.13
  10868.705   124.513     2.68    5.00
  11244.025   125.574     2.83    6.51
  11619.380   126.781     3.22    7.38
  11994.770   127.005     0.60    7.41
  12370.196   126.198    -2.15    5.90
  12745.658   127.304     2.95    4.27
  13121.156   126.067    -3.30    4.44
  13496.689   124.778    -3.43    3.33
  13872.258   123.593    -3.16    2.67
  14247.862   123.161    -1.15    2.27
  14623.503   123.738     1.54    2.77
  14999.178   124.281     1.44    3.63
  15374.890   125.928     4.38    4.54
  15750.638   128.406     6.60    5.34
  16126.421   131.852     9.17    5.11
  16502.240   134.963     8.28    2.57
  16878.094   136.603     4.36    2.35
  17253.985   137.550     2.52    2.04
  17629.911   138.853     3.47    2.69
  18005.873   139.005     0.41    6.21
  18381.871   133.434   -14.82   12.52
  18757.905   129.482   -10.51   12.88
  19133.974   128.407    -2.86   12.04
  19510.080   130.120     4.55   11.28
  19886.221   134.056    10.46    9.79
  20262.398   141.370    19.45   11.74
  20638.611   141.736     0.97   13.24
  21014.860   139.489    -5.97   12.62
  21391.145   143.630    11.01   17.27
  21767.466   158.745    40.17   33.77
  22143.822   185.519    71.14   42.63
  22520.215   209.478    63.66   32.83
  22896.644   216.281    18.07   26.75
  23273.108   208.267   -21.29   33.21
  23649.609   199.049   -24.48   31.94
  24026.146   198.361    -1.83   32.56
  24402.718   215.210    44.74   38.02
  24779.327   241.370    69.47   35.86
  25155.972   254.093    33.78   26.79
  25532.652   254.585     1.31   26.43
  25909.369   247.701   -18.27   31.79
  26286.122   235.263   -33.01   27.23
  26662.911   223.101   -32.28   24.39
  27039.736   222.580    -1.38   32.97
  27416.597   218.299   -11.36   39.89
  27793.495   212.943   -14.21   40.72
  28170.428   201.689   -29.86   39.63
  28547.397   192.704   -23.84   28.73
  28924.403   206.780    37.34   37.29
  29301.445   229.197    59.46   41.01
  29678.523   244.388    40.29   34.51
  30055.637   256.852    33.05   33.10
  30432.788   270.495    36.18   39.48
  30809.975   291.388    55.39   41.81
  31187.198   313.556    58.77   42.20
  31564.457   340.281    70.84   42.95
  31941.752   364.140    63.24   36.89
  32319.084   378.156    37.15   29.70
  32696.452   391.525    35.43   27.89
  33073.856   395.352    10.14   26.11
  33451.297   392.156    -8.47   24.55
  33828.774   388.982    -8.41   17.20
  34206.287   393.031    10.73   16.43
  34583.836   395.870     7.52   16.45
  34961.422   403.070    19.07   16.44
  35339.044   407.835    12.62   19.86
  35716.703   397.998   -26.05   32.42
  36094.398   388.710   -24.59   38.80
  36472.130   377.925   -28.55   38.48
  36849.898   354.620   -61.69   33.27
  37227.702   345.697   -23.62   30.44
  37605.543   341.031   -12.35   30.34
  37983.420   345.689    12.33   30.22
  38361.333   359.763    37.24   32.02
  38739.283   374.835    39.88   36.33
  39113.040   384.019    24.57   37.18
  39483.896   385.924     5.14   35.74
  39854.787   384.486    -3.88   33.06
  40225.713   385.728     3.35   28.06
  40596.674   387.304     4.25   26.21
  40967.670   393.343    16.28   30.07
  41338.701   404.056    28.87   27.85
  41709.767   415.585    31.07   28.83
  42080.869   435.689    54.18   32.71
  42452.005   443.692    21.57   32.37
  42823.177   440.191    -9.43   36.63
  43194.384   423.452   -45.10   40.75
  43565.626   399.870   -63.52   35.50
  43936.903   387.909   -32.22   30.22
  44308.215   385.478    -6.55   30.07
  44679.563   386.563     2.92   27.26
  45050.945   389.745     8.57   23.36
  45422.363   398.059    22.38   20.59
  45793.816   406.040    21.49   15.13
  46165.305   399.495   -17.62   21.76
  46536.828   386.500   -34.98   25.23
  46908.387   373.263   -35.63   26.08
  47279.981   360.852   -33.40   36.20
  47651.611   347.995   -34.60   44.50
  48023.275   341.024   -18.76   46.16
  48394.975   339.317    -4.59   41.25
  48766.711   344.505    13.96   43.68
  49138.481   354.495    26.87   42.25
  49510.287   366.519    32.34   43.90
  49882.129   394.660    75.68   55.22
  50254.005   426.728    86.24   63.22
  50625.917   448.180    57.68   61.58
  50997.865   453.513    14.34   59.26
  51369.848   438.037   -41.61   53.11
  51741.866   413.781   -65.20   40.36
  52113.920   392.019   -58.50   28.13
  52486.009   372.763   -51.75   21.06
  52858.133   362.140   -28.55   12.88
  53230.293   362.763     1.68   21.87
  53602.489   365.234     6.64   26.21
  53974.720   372.031    18.26   35.94
  54346.986   380.234    22.04   39.12
  54719.288   379.667    -1.52   34.49
  55091.626   385.120    14.65   32.06
  55463.999   394.286    24.61   35.63
  55836.407   396.656     6.37   39.18
  56208.851   402.178    14.83   49.21
  56581.331   421.906    52.97   64.18
  56953.846   449.798    74.88   66.94
  57326.397   469.961    54.13   54.27
  57698.984   478.796    23.71   42.32
  58071.606   484.817    16.16   31.65
  58444.263   487.796     8.00   26.84
  58816.957   492.380    12.30   31.40
  59189.686   485.870   -17.46   42.49
  59562.450   477.323   -22.93   51.60
  59935.250   454.620   -60.90   59.37
  60308.086   425.736   -77.48   55.78
  60680.958   407.478   -48.97   48.56
  61053.865   393.543   -37.37   42.06
  61426.808   384.870   -23.26   32.27
  61799.787   387.256     6.40   24.64
  62172.802   396.561    24.95   25.71
  62545.852   409.656    35.10   24.86
  62918.938   418.089    22.60   23.78
  63292.060   434.816    44.83   41.15
  63665.218   456.774    58.85   54.16
  64038.411   470.674    37.25   56.78
  64411.641   480.796    27.12   57.79
  64784.906   483.888     8.28   51.05
  65158.207   487.689    10.18   45.97
  65531.543   497.722    26.88   49.86
  65904.916   509.853    32.49   53.79
  66278.325   517.925    21.62   54.99
  66651.769   514.507    -9.15   51.48
  67025.249   486.255   -75.65   60.12
  67398.766   464.765   -57.54   51.43
  67772.318   453.980   -28.88   47.30
  68145.906   469.221    40.80   51.12
  68519.530   479.543    27.63   45.50
  68893.190   480.888     3.60   45.13
  69266.886   487.833    18.59   37.61
  69640.618   492.093    11.40   32.73
  70014.386   490.924    -3.13   31.69
  70388.190   485.563   -14.34   30.64
  70762.030   476.817   -23.40   31.94
  71135.906   468.021   -23.53   37.52
  71509.818   449.452   -49.67   56.90
  71883.766   416.689   -87.62   68.14
  72257.750   381.980   -92.82   63.69
  72631.770   359.239   -60.81   50.09
  73005.827   363.667    11.84   51.28
  73379.919   394.835    83.32   66.31
  73754.048   430.267    94.71   63.09
  74128.213   448.442    48.58   50.98
  74502.413   452.436    10.68   44.98
  74876.650   443.210   -24.66   37.33
  75250.924   437.353   -15.65   34.07
  75625.233   435.870    -3.96   34.70
  75999.578   424.327   -30.84   35.05
  76373.960   416.434   -21.08   29.23
  76748.378   416.460     0.07   29.01
  77122.832   421.928    14.60   30.46
  77497.323   444.031    59.03   33.68
  77871.850   455.034    29.38   38.68
  78246.413   449.120   -15.79   46.92
  78621.012   440.156   -23.93   50.96
  78995.647   437.370    -7.44   53.04
  79370.319   437.274    -0.26   50.00
  79745.027   437.670     1.06   53.61
  80119.772   418.081   -52.28   48.93
  80494.553   393.870   -64.60   54.89
  80869.370   362.120   -84.71   62.65
  81244.223   330.998   -83.03   39.70
  81619.113   326.763   -11.30   41.01
  81994.039   338.245    30.63   60.13
  82369.002   345.452    19.22   60.87
  82744.001   360.353    39.74   55.16
  83119.037   365.512    13.76   47.18
  83494.109   371.906    17.05   40.05
  83869.217   377.663    15.35   41.45
  84244.362   377.442    -0.59   37.34
  84619.543   385.198    20.67   30.13
  84994.761   392.958    20.68   31.05
  85370.015   394.052     2.92   30.59
  85745.306   407.598    36.10   31.39
  86120.634   413.677    16.20   26.80
  86495.998   406.717   -18.55   25.80
  86871.398   398.256   -22.54   21.47
  87246.835   391.944   -16.81   16.86
  87622.309   391.978     0.09   20.33
  87997.819   399.192    19.21   29.32
  88373.366   408.549    24.92   29.19
  88748.949   415.978    19.78   26.38
  89124.569   421.648    15.10   29.51
  89500.226   428.169    17.36   32.80
  89875.919   432.463    11.43   36.46
  90251.649   420.192   -32.66   43.87
  90627.415   397.370   -60.74   46.89
  91003.219   382.677   -39.10   37.76
  91379.059   373.125   -25.42   26.05
  91754.936   373.961     2.23   24.87
  92130.849   374.484     1.39   21.00
  92506.799   375.563     2.87   18.66
  92882.786   378.406     7.56   18.32
  93258.810   385.021    17.59   21.06
  93634.870   388.695     9.77   23.64
  94010.967   387.638    -2.81   23.66
  94387.101   379.763   -20.94   18.96
  94763.272   375.228   -12.06   10.21
  95139.480   381.097    15.60   15.49
  95515.725   394.151    34.70   25.15
  95892.006   410.296    42.91   24.27
  96268.324   420.567    27.29   20.47
  96644.679   426.998    17.09   15.51
  97021.071   428.818     4.84   16.38
  97397.500   435.097    16.68   17.51
  97773.966   437.870     7.37   16.51
  98150.469   428.638   -24.52   22.48
  98527.008   418.101   -27.99   22.54
  98903.585   405.870   -32.48   25.05
  99280.198   390.289   -41.38   26.87
  99656.849   379.204   -29.43   28.09
 100033.536   368.085   -29.52   26.38
 100410.261   360.239   -20.83   22.02
 100787.022   353.817   -17.05   15.20
 101163.821   352.409    -3.74   12.37
 101540.657   353.319     2.41   12.32
 101917.529   355.634     6.14   12.07
 102294.439   357.674     5.41   13.29
 102671.386   361.198     9.35   13.85
 103048.370   367.434    16.54   18.21
 103425.391   371.449    10.65   21.27
 103802.449   372.640     3.16   22.72
 104179.544   370.674    -5.21   20.23
 104556.676   370.870     0.52   19.63
 104933.846   370.013    -2.27   16.40
 105311.052   370.889     2.32   17.03
 105688.296   375.507    12.24   22.29
 106065.577   378.120     6.93   23.92
 106442.896   387.625    25.19   23.14
 106820.251   396.853    24.46   18.66
 107197.644   402.815    15.80   12.02
 107575.074   409.924    18.84   16.73
 107952.541   418.537    22.82   16.68
 108330.045   426.798    21.88   19.80
 108707.587   433.016    16.47   22.26
 109085.166   437.019    10.60   22.88
 109462.782   440.752     9.89   20.68
 109840.436   443.248     6.61   15.93
 110218.127   433.210   -26.58   20.90
 110595.855   415.710   -46.33   30.70
 110973.621   403.228   -33.05   29.95
 111351.424   388.098   -40.05   20.99
 111729.265   381.889   -16.44   12.68
 112107.142   385.748    10.21   14.70
 112485.058   390.286    12.01   16.05
 112863.010   397.204    18.31   18.58
 113241.000   394.520    -7.10   21.41
 113619.028   385.728   -23.26   25.54
 113993.391   375.513   -27.29   23.19
 114364.136   370.130   -14.52   17.31
 114734.917   369.818    -0.84   16.22
 115105.735   376.204    17.22   18.81
 115476.588   376.085    -0.32   17.35
 115847.477   376.587     1.36   14.53
 116218.402   376.478    -0.30   11.50
 116589.363   375.616    -2.32   11.92
 116960.360   376.730     3.00   11.34
 117331.393   380.960    11.40   11.29
 117702.462   383.995     8.18   11.98
 118073.567   387.495     9.43   13.67
 118444.708   390.778     8.85   15.45
 118815.886   398.783    21.57   19.42
 119187.099   409.204    28.08   23.48
 119558.348   421.301    32.59   29.43
 119929.634   428.890    20.44   31.95
 120300.955   435.156    16.88   35.93
 120672.313   446.335    30.11   38.42
 121043.707   459.520    35.51   40.10
 121415.137   475.799    43.83   36.59
 121786.603   486.460    28.70   29.95
 122158.105   482.103   -11.73   30.35
 122529.644   475.161   -18.68   29.17
 122901.219   471.531    -9.77   29.50
 123272.829   474.013     6.68   30.55
 123644.477   486.957    34.83   28.12
 124016.160   502.255    41.16   20.48
 124387.880   503.572     3.54   20.80
 124759.635   507.943    11.76   19.09
 125131.427   506.495    -3.89   14.80
 125503.256   500.049   -17.34   13.63
 125875.121   497.210    -7.64   10.39
 126247.022   502.638    14.60   17.95
 126618.959   507.543    13.19   19.90
 126990.932   512.590    13.57   18.04
 127362.942   516.725    11.12   15.68
 127734.989   510.625   -16.40   17.15
 128107.071   501.678   -24.05   19.89
 128479.191   487.888   -37.06   27.04
 128851.346   470.689   -46.22   29.44
 129223.538   457.085   -36.56   28.14
 129595.766   449.180   -21.24   25.48
 129968.031   448.670    -1.37   22.76
 130340.332   441.978   -17.98   20.37
 130712.670   443.270     3.47   21.30
 131085.044   444.291     2.74   20.43
 131457.454   449.070    12.83   18.10
 131829.901   447.835    -3.32   24.14
 132202.385   441.274   -17.62   30.78
 132574.905   434.397   -18.46   35.25
 132947.461   431.852    -6.83   36.22
 133320.055   432.228     1.01   32.71
 133692.684   438.889    17.88   34.01
 134065.350   444.780    15.81   31.00
 134438.053   436.174   -23.09   39.23
 134810.793   415.692   -54.96   50.40
 135183.569   390.129   -68.58   40.03
 135556.381   374.682   -41.44   24.90
 135929.231   378.309     9.73   28.22
 136302.116   389.648    30.41   30.44
 136675.039   396.730    18.99   28.82
 137047.998   407.710    29.44   27.08
 137420.994   406.870    -2.25   24.36
 137794.027   400.907   -15.99   28.28
 138167.096   393.620   -19.53   27.18
 138540.202   382.620   -29.49   16.43
 138913.345   380.278    -6.28   12.93
 139286.524   382.138     4.99   13.60
 139659.740   384.505     6.34   16.68
 140032.993   388.134     9.72   17.99
 140406.283   396.543    22.53   18.80
 140779.609   405.677    24.47   22.64
 141152.973   415.781    27.07   23.63
 141526.373   423.567    20.85   21.98
 141899.810   434.335    28.84   20.51
 142273.284   443.574    24.74   19.69
 142646.794   449.388    15.57   20.68
 143020.342   454.000    12.35   16.75
 143393.926   449.013   -13.35   12.95
 143767.548   441.138   -21.08   16.28
 144141.206   434.595   -17.52   21.32
 144514.901   420.817   -36.87   23.65
 144888.633   404.317   -44.16   26.45
 145262.402   392.695   -31.10   25.19
 145636.208   383.013   -25.90   21.56
 146010.051   377.134   -15.73   15.44
 146383.931   380.101     7.94   17.57
 146757.848   381.502     3.75   16.60
 147131.802   387.180    15.18   16.56
 147505.792   385.081    -5.61   16.25
 147879.820   383.906    -3.14   16.30
 148253.885   396.781    34.42   25.84
 148627.987   413.484    44.66   28.91
 149002.126   429.745    43.47   23.93
 149376.303   444.660    39.87   16.55
 149750.516   450.333    15.16   15.86
 150124.766   457.077    18.02   15.93
 150499.054   461.908    12.91   17.25
 150873.378   451.513   -27.77   24.58
 151247.740   442.281   -24.66   24.97
 151622.139   437.818   -11.92   20.74
 151996.575   421.204   -44.38   23.63
 152371.048   411.028   -27.18   28.60
 152745.559   401.031   -26.70   27.70
 153120.107   391.390   -25.75   24.31
 153494.692   391.870     1.28   26.14
 153869.314   390.138    -4.62   24.87
 154243.973   397.449    19.52   31.28
 154618.670   401.550    10.94   34.74
 154993.404   406.513    13.25   36.15
