# NaN NaN NaN ;Mean Elev.(m), Avg Gradient(m/km), RMS Gradient(m/km) - SRTM1     
#   -1.659  -1.991   5.968 ;Mean Elev.(m), Avg Gradient(m/km), RMS Gradient(m/km) - ASTER GDEM
#    1.793  -0.768   3.998 ;Mean Elev.(m), Avg Gradient(m/km), RMS Gradient(m/km) - GMTED2010 
  7    -8.500 52448.09507403 25.00 286.871583  46.050528  8.781
  7    -8.630 52448.09507468 25.22 286.870333  46.053778  8.781
  7    -8.517 52448.09507532 24.17 286.869083  46.057028  8.781
  8     4.503 52483.09506218 23.28 286.881892  46.050057 17.870
  8     4.304 52483.09506283 22.49 286.880642  46.053307 17.870
  8     4.209 52483.09506347 21.98 286.879392  46.056557 17.870
  8     4.041 52483.09506412 22.45 286.878132  46.059817 17.870
  9     4.170 52518.09501943 41.95 286.890023  46.050079 20.985
  9     4.056 52518.09502007 37.54 286.888773  46.053329 20.985
  9     3.760 52518.09502072 33.21 286.887523  46.056579 20.985
  9     3.557 52518.09502136 32.06 286.886263  46.059829 20.985
  9     4.099 52518.09502201 36.47 286.885013  46.063079 20.985
 11    19.675 52588.09504909 19.71 286.887738  46.048672  7.576
 11    18.816 52588.09504974 15.95 286.886488  46.051922  7.576
 11    17.549 52588.09505038 15.02 286.885238  46.055172  7.576
 11    11.620 52588.09505103 15.64 286.883978  46.058422  7.576
 11    10.596 52588.09505167 15.68 286.882728  46.061672  7.576
 12    13.509 52623.09500572 20.53 286.888619  46.051013  4.806
 12    12.607 52623.09500637 19.99 286.887373  46.054254 13.897
 12     7.964 52623.09500701 23.37 286.886113  46.057504 13.897
 12     8.996 52623.09500766 22.01 286.884863  46.060764 13.897
 13     4.232 52658.09502034 36.03 286.885310  46.048340 14.055
 13     4.114 52658.09502098 45.81 286.884060  46.051590 14.055
 13     4.175 52658.09502163 41.23 286.882800  46.054850 14.055
 13     4.311 52658.09502227 45.86 286.881550  46.058090 14.055
 13     4.128 52658.09502292 44.16 286.880300  46.061340 14.055
 15    10.505 52728.09504249 24.73 286.885158  46.051003  8.125
 15     8.502 52728.09504314 25.29 286.883898  46.054253  8.125
 15    10.130 52728.09504378 23.75 286.882648  46.057493  8.125
 15     5.137 52728.09504443 36.58 286.881398  46.060743  8.125
 16     4.712 52763.09505587 29.99 286.879492  46.051460 20.665
 16     4.721 52763.09505652 29.54 286.878232  46.054710 20.665
 16     4.828 52763.09505716 28.29 286.876982  46.057960 20.665
 17     4.222 52798.09502591 27.81 286.882754  46.050512  9.118
 17     4.167 52798.09502655 28.45 286.881504  46.053762  9.118
 17     4.201 52798.09502720 28.29 286.880244  46.057012  9.118
 17     4.115 52798.09502784 29.09 286.878994  46.060262  9.118
 18    20.571 52833.09509641 18.56 286.882977  46.049261  4.884
 18    14.105 52833.09509706 17.28 286.881717  46.052521  4.884
 18    19.415 52833.09509770 16.02 286.880467  46.055771  4.884
 18    19.136 52833.09509835 16.12 286.879217  46.059021  4.884
 19    14.521 52868.09513884 17.06 286.888645  46.049664  8.270
 19    11.078 52868.09513948 18.66 286.887385  46.052924  8.270
 19     4.698 52868.09514013 19.83 286.886135  46.056174  8.270
 19     7.819 52868.09514077 19.09 286.884885  46.059424  8.270
 19     5.114 52868.09514142 19.85 286.883625  46.062674  8.270
 20     3.977 52903.09515461 23.06 286.885162  46.049033 22.011
 20     3.817 52903.09515525 24.06 286.883912  46.052283 22.011
 20     3.484 52903.09515590 26.11 286.882652  46.055523 22.011
 20     3.828 52903.09515654 24.84 286.881402  46.058773 22.011
 21     4.638 52938.09509250 34.91 286.889662  46.051396 17.573
 21     4.417 52938.09509314 35.11 286.888412  46.054646 17.573
 21     4.532 52938.09509379 35.65 286.887162  46.057906 17.573
 21     4.756 52938.09509443 34.60 286.885902  46.061146 17.573
 22    14.928 52973.09512651 15.92 286.878329  46.050871  8.608
 22    12.077 52973.09512716 16.46 286.877079  46.054121  8.608
 22    11.456 52973.09512780 16.60 286.875819  46.057381  8.608
 23     5.673 53008.09513548 50.50 286.878360  46.050869 17.433
 23     5.628 53008.09513612 50.89 286.877100  46.054119 17.433
 23     5.698 53008.09513677 47.67 286.875850  46.057369 17.433
 24     5.314 53043.09509242 37.81 286.874364  46.050876 12.509
 24     5.272 53043.09509306 42.33 286.873114  46.054126 12.509
 24     5.265 53043.09509371 45.83 286.871864  46.057386 12.509
 25     5.117 53078.09512545 40.56 286.880022  46.051266 18.851
 25     5.350 53078.09512609 38.31 286.878772  46.054516 18.851
 25     5.322 53078.09512674 44.46 286.877512  46.057766 18.851
 26     5.648 53113.09509578 47.18 286.871779  46.048976 25.425
 26     5.539 53113.09509642 43.64 286.870529  46.052226 25.425
 26     5.558 53113.09509707 47.87 286.869269  46.055486 25.425
 27     4.899 53148.09514080 36.97 286.877420  46.051043 20.369
 27     4.992 53148.09514145 37.45 286.876160  46.054303 20.369
 27     5.073 53148.09514209 36.79 286.874910  46.057553 20.369
 28    16.142 53183.09513946 18.79 286.888817  46.048553 13.759
 28    13.603 53183.09514010 16.92 286.887567  46.051803 13.759
 28    10.954 53183.09514075 16.77 286.886317  46.055053 13.759
 28     9.527 53183.09514139 17.93 286.885057  46.058303 13.759
 28    11.265 53183.09514204 15.06 286.883807  46.061543 13.759
 29    18.383 53218.09516380 22.78 286.883647  46.048873 16.837
 29    11.313 53218.09516444 21.27 286.882387  46.052123 16.837
 29    11.019 53218.09516509 21.02 286.881137  46.055373 16.837
 29    11.339 53218.09516573 18.51 286.879887  46.058613 16.837
 30    13.634 53253.09514162 17.86 286.885393  46.049646 19.601
 30    11.995 53253.09514226 16.99 286.884143  46.052886 19.601
 30    11.277 53253.09514291 16.98 286.882883  46.056136 19.601
 30    11.399 53253.09514355 15.89 286.881633  46.059386 19.601
 31    13.304 53288.09514279 15.99 286.870734  46.049353 12.244
 31    12.491 53288.09514344 14.98 286.869484  46.052603 12.244
 31    12.124 53288.09514408 14.77 286.868224  46.055853 12.244
 32     4.336 53323.09511787 23.41 286.890821  46.048474 15.910
 32     4.034 53323.09511851 23.06 286.889571  46.051724 15.910
 32     4.049 53323.09511915 25.78 286.888321  46.054974 15.910
 32     4.271 53323.09511980 22.70 286.887061  46.058224 15.910
 32     4.462 53323.09512044 22.18 286.885811  46.061464 15.910
 33     4.676 53358.09508268 36.51 286.893426  46.049959 12.944
 33     4.319 53358.09508332 33.22 286.892176  46.053209 12.944
 33     4.335 53358.09508397 31.01 286.890926  46.056459 12.944
 33     4.958 53358.09508461 41.91 286.889676  46.059709 12.944
 33     4.777 53358.09508526 50.02 286.888416  46.062969 12.944
 34     5.094 53393.09509892 40.08 286.876535  46.050341 13.489
 34     5.090 53393.09509956 39.54 286.875285  46.053591 13.489
 34     4.939 53393.09510021 43.65 286.874035  46.056841 13.489
 35     5.131 53428.09509319 31.98 286.890318  46.051057 13.152
 35     5.102 53428.09509383 39.78 286.889068  46.054307 13.152
 35     5.065 53428.09509448 42.62 286.887818  46.057557 13.152
 35     5.250 53428.09509512 46.00 286.886558  46.060807 13.152
 35     4.786 53428.09509577 46.66 286.885308  46.064057 13.152
 36    11.209 53463.09511207 26.94 286.880741  46.050170  9.274
 36    11.064 53463.09511271 24.56 286.879491  46.053420  9.274
 36    10.702 53463.09511336 22.35 286.878231  46.056660  9.274
 36    10.545 53463.09511400 27.54 286.876981  46.059910  9.274
 37    13.048 53498.09518316 18.63 286.875145  46.048721 18.884
 37    12.067 53498.09518381 18.85 286.873895  46.051971 18.884
 37    11.484 53498.09518445 18.98 286.872635  46.055221 18.884
 37    11.288 53498.09518510 22.70 286.871385  46.058471 18.884
 38     4.434 53533.09516521 26.38 286.888465  46.049468  8.395
 38     4.283 53533.09516585 26.96 286.887215  46.052718  8.395
 38     4.161 53533.09516650 27.31 286.885955  46.055968  8.395
 38     4.199 53533.09516714 26.48 286.884705  46.059218  8.395
 38     4.211 53533.09516779 26.61 286.883455  46.062468  8.395
 39     4.034 53568.09518413 24.73 286.878955  46.050361  3.541
 39     4.101 53568.09518478 24.90 286.877705  46.053611  3.541
 39     3.846 53568.09518542 24.95 286.876445  46.056861  3.541
 40     4.344 53603.09512889 38.78 286.890732  46.048730 10.816
 40     8.209 53603.09512954 23.89 286.889482  46.051980 10.816
 40     9.268 53603.09513018 20.20 286.888232  46.055230 10.816
 40     8.623 53603.09513082 20.00 286.886982  46.058480 10.816
 40     6.604 53603.09513147 21.88 286.885722  46.061740 10.816
 41     4.055 53638.09512808 33.54 286.874192  46.051675 19.816
 41     4.167 53638.09512872 28.51 286.872942  46.054915 19.816
 41     4.575 53638.09512937 29.33 286.871692  46.058175 19.816
 42     7.900 53673.09514790 28.85 286.877105  46.049154 28.717
 42     3.436 53673.09514855 26.53 286.875855  46.052404 28.717
 42     3.414 53673.09514919 22.14 286.874605  46.055654 28.717
 42    10.880 53673.09514984 19.63 286.873345  46.058904 28.717
 43    15.986 53708.09507909 13.15 286.893893  46.050573  7.709
 43    14.428 53708.09507974 13.13 286.892633  46.053823  7.709
 43    12.637 53708.09508038 13.50 286.891383  46.057073  7.709
 43    13.928 53708.09508103 15.09 286.890133  46.060323  7.709
 43     9.694 53708.09508167 15.91 286.888873  46.063583  7.709
 44     5.038 53743.09499023 45.88 286.895875  46.051263 14.705
 44     4.903 53743.09499088 46.21 286.894625  46.054513 14.705
 44     4.938 53743.09499152 49.31 286.893375  46.057763 14.705
 44     4.977 53743.09499217 44.37 286.892125  46.061013 14.705
 44     5.114 53743.09499281 49.59 286.890875  46.064263 14.705
 45     5.423 53778.09501708 43.02 286.887414  46.049861 14.200
 45     5.172 53778.09501772 42.57 286.886164  46.053111 14.200
 45     5.353 53778.09501837 42.34 286.884914  46.056361 14.200
 45     5.445 53778.09501901 48.58 286.883654  46.059611 14.200
 45     4.941 53778.09501966 49.80 286.882404  46.062861 14.200
 46     5.510 53813.09499247 33.18 286.893951  46.051196  8.956
 46     5.476 53813.09499312 40.12 286.892701  46.054446  8.956
 46     5.162 53813.09499376 36.96 286.891450  46.057689 14.845
 46     5.315 53813.09499440 30.75 286.890190  46.060939 14.845
 46     5.585 53813.09499505 45.81 286.888940  46.064199 14.845
 47     5.485 53848.09504856 25.24 286.875724  46.049549 27.518
 47     5.176 53848.09504921 22.26 286.874474  46.052799 27.518
 47     5.861 53848.09504985 20.56 286.873214  46.056049 27.518
 49     8.374 53918.09513059 24.41 286.874697  46.051391 17.354
 49     4.357 53918.09513124 25.71 286.873437  46.054651 17.354
 49     4.068 53918.09513188 27.07 286.872187  46.057901 17.354
 50    11.465 53953.09513324 21.44 286.875510  46.049262  5.087
 50     4.648 53953.09513388 21.56 286.874256  46.052514 18.075
 50    10.616 53953.09513453 21.43 286.873006  46.055754 18.075
 52    11.552 54023.09511294 16.86 286.879592  46.049761 26.223
 52    13.485 54023.09511358 16.96 286.878332  46.053011 26.223
 52    10.522 54023.09511423 20.54 286.877082  46.056261 26.223
 52    10.805 54023.09511487 20.93 286.875822  46.059511 26.223
 53    22.258 54058.09510512 15.08 286.889511  46.051221 11.959
 53    15.537 54058.09510576 15.54 286.888252  46.054470 24.297
 53    11.144 54058.09510641 16.67 286.887002  46.057720 24.297
 53     8.959 54058.09510705 19.87 286.885752  46.060970 24.297
 54    16.196 54093.09508545 23.97 286.889474  46.049417  9.844
 54    13.519 54093.09508610 21.05 286.888224  46.052667  9.844
 54    11.614 54093.09508674 21.35 286.886968  46.055908 23.653
 54     9.811 54093.09508738 23.39 286.885718  46.059158 23.653
 54    10.022 54093.09508803 25.15 286.884458  46.062418 23.653
 55     5.337 54128.09502318 46.25 286.878118  46.049806 13.758
 55     5.098 54128.09502382 42.54 286.876868  46.053056 13.758
 55     5.386 54128.09502447 42.24 286.875608  46.056306 13.758
 56     5.647 54163.09505557 37.10 286.883393  46.051307 12.116
 56     5.529 54163.09505622 43.66 286.882143  46.054557 12.116
 56     5.084 54163.09505686 34.20 286.880893  46.057797 12.116
 56     5.018 54163.09505751 27.40 286.879633  46.061057 12.116
 57     5.110 54198.09502529 28.22 286.879588  46.049278 24.231
 57     4.668 54198.09502594 26.61 286.878338  46.052528 24.231
 57     4.020 54198.09502658 23.22 286.877088  46.055778 24.231
 57     9.831 54198.09502723 20.56 286.875828  46.059028 24.231
 58     4.221 54233.09506931 24.91 286.882098  46.050904 21.089
 58     4.713 54233.09506995 22.84 286.880848  46.054154 21.089
 58     4.690 54233.09507060 23.08 286.879588  46.057414 21.089
 58     8.664 54233.09507124 19.92 286.878338  46.060664 21.089
 59     4.695 54268.09508778 22.91 286.884838  46.049292  9.665
 59     4.606 54268.09508842 22.47 286.883588  46.052542  9.665
 59     4.692 54268.09508907 22.83 286.882338  46.055792  9.665
 59     7.572 54268.09508971 22.71 286.881078  46.059052  9.665
 60     4.422 54303.09509174 25.05 286.884521  46.050958 14.531
 60     4.422 54303.09509238 26.03 286.883271  46.054208 14.531
 60     4.492 54303.09509303 25.05 286.882021  46.057458 14.531
 60     4.563 54303.09509367 24.30 286.880761  46.060718 14.531
 61    16.095 54338.09507678 28.92 286.887465  46.048764 15.549
 61    13.176 54338.09507743 24.59 286.886205  46.052014 15.549
 61     7.730 54338.09507807 26.45 286.884955  46.055264 15.549
 61    10.384 54338.09507872 23.29 286.883705  46.058514 15.549
 61     6.802 54338.09507936 26.26 286.882445  46.061764 15.549
 62     3.523 54373.09502508 23.75 286.881361  46.051226 20.269
 62     3.858 54373.09502573 25.29 286.880111  46.054476 20.269
 62     4.127 54373.09502637 31.86 286.878851  46.057726 20.269
 63    16.588 54408.09502272 16.33 286.883608  46.051455 17.684
 63    10.551 54408.09502336 18.00 286.882358  46.054705 17.684
 63    10.808 54408.09502401 17.16 286.881108  46.057955 17.684
 63    11.108 54408.09502465 16.64 286.879848  46.061205 17.684
 64     4.011 54443.09498552 33.92 286.877640  46.050042 17.183
 64     4.088 54443.09498617 35.28 286.876390  46.053292 17.183
 64     4.388 54443.09498681 40.02 286.875140  46.056542 17.183
 65     6.082 54478.09501167 41.61 286.884907  46.049976 10.529
 65     5.848 54478.09501232 37.97 286.883651  46.053226 19.404
 65     6.184 54478.09501296 45.19 286.882401  46.056476 19.404
 65     6.199 54478.09501361 50.44 286.881151  46.059726 19.404
 66     5.190 54513.09500036 47.61 286.879255  46.048990 19.046
 66     4.864 54513.09500101 47.52 286.878005  46.052240 19.046
 66     4.976 54513.09500165 45.33 286.876755  46.055490 19.046
 66     5.255 54513.09500229 44.46 286.875495  46.058740 19.046
 67     5.133 54548.09502550 37.61 286.886043  46.050271 12.415
 67     5.078 54548.09502615 40.89 286.884783  46.053521 12.415
 67     4.684 54548.09502679 32.06 286.883533  46.056771 12.415
 67     4.456 54548.09502744 27.10 286.882283  46.060021 12.415
 68     6.655 54583.09499643 27.23 286.883850  46.049875 17.024
 68     6.387 54583.09499707 23.55 286.882600  46.053125 17.024
 68     9.626 54583.09499772 20.86 286.881350  46.056375 17.024
 68    10.256 54583.09499836 20.79 286.880090  46.059625 17.024
 69     8.661 54618.09501656 25.19 286.884462  46.048545  8.325
 69    10.497 54618.09501720 22.28 286.883202  46.051805  8.325
 69    10.114 54618.09501785 20.58 286.881952  46.055055  8.325
 69    10.471 54618.09501849 19.17 286.880702  46.058295  8.325
 69    11.260 54618.09501914 18.60 286.879442  46.061545  8.325
 70    15.892 54653.09502842 17.61 286.882862  46.048615  7.880
 70    12.565 54653.09502907 16.80 286.881602  46.051875  7.880
 70    11.605 54653.09502971 17.01 286.880352  46.055115  7.880
 70    10.799 54653.09503036 17.61 286.879102  46.058365  7.880
 71     8.554 54688.09501831 21.42 286.885724  46.051014 12.154
 71     8.053 54688.09501896 20.88 286.884474  46.054254 12.154
 71     7.895 54688.09501960 21.59 286.883214  46.057514 12.154
 71     8.683 54688.09502025 20.24 286.881964  46.060764 12.154
 72     8.458 54723.09497626 23.78 286.879324  46.048952 12.464
 72     8.488 54723.09497691 21.68 286.878074  46.052202 12.464
 72    10.152 54723.09497755 22.15 286.876824  46.055452 12.464
 72     4.224 54723.09497820 22.30 286.875564  46.058702 12.464
 73     3.741 54758.09499387 22.69 286.883564  46.051528  6.433
 73     3.842 54758.09499452 20.54 286.882314  46.054778  6.433
 73     3.399 54758.09499516 21.38 286.881064  46.058028  6.433
 73    10.610 54758.09499581 20.36 286.879804  46.061278  6.433
 74    20.540 54793.09496987 13.57 286.875599  46.051659  7.345
 74    12.012 54793.09497052 14.37 286.874349  46.054909  7.345
 74     5.775 54793.09497116 21.54 286.873089  46.058149  7.345
 75     4.831 54828.09499202 46.48 286.882876  46.050092 16.646
 75     4.971 54828.09499267 44.48 286.881616  46.053342 16.646
 75     4.920 54828.09499331 44.91 286.880366  46.056592 16.646
 75     4.970 54828.09499396 47.23 286.879116  46.059842 16.646
 76     5.146 54863.09496348 49.49 286.880274  46.048522 17.049
 76     4.934 54863.09496412 51.54 286.879024  46.051772 17.049
 76     5.380 54863.09496477 41.06 286.877774  46.055022 17.049
 76     5.278 54863.09496541 44.09 286.876514  46.058272 17.049
 77     5.218 54898.09499173 36.26 286.883938  46.050344 11.055
 77     4.932 54898.09499238 37.05 286.882678  46.053604 11.055
 77     5.092 54898.09499302 36.29 286.881428  46.056854 11.055
 77     4.878 54898.09499367 36.26 286.880178  46.060104 11.055
 78    13.325 54933.09495883 15.48 286.879354  46.050565  9.826
 78    11.794 54933.09495947 16.82 286.878104  46.053815  9.826
 78    10.420 54933.09496012 18.93 286.876854  46.057065  9.826
 79     7.896 54968.09499326 29.74 286.883362  46.049948 11.647
 79    10.572 54968.09499390 23.80 286.882102  46.053208 11.647
 79    10.957 54968.09499454 21.22 286.880852  46.056458 11.647
 79    10.470 54968.09499519 20.87 286.879602  46.059708 11.647
 80    15.707 55003.09501287 17.08 286.880650  46.049581 10.976
 80    13.926 55003.09501351 15.53 286.879390  46.052841 10.976
 80    12.124 55003.09501416 15.88 286.878140  46.056091 10.976
 80    11.955 55003.09501480 16.10 286.876890  46.059331 10.976
 81    16.148 55038.09499951 13.06 286.885199  46.049730  5.344
 81    13.714 55038.09500015 13.24 286.883939  46.052990  5.344
 81    12.091 55038.09500080 13.73 286.882689  46.056240  5.344
 81    11.492 55038.09500144 15.69 286.881439  46.059480  5.344
 82    20.494 55073.09498526 20.43 286.886831  46.049750  8.398
 82    13.239 55073.09498591 19.61 286.885581  46.053000  8.398
 82    12.175 55073.09498655 19.02 286.884321  46.056260  8.398
 82    10.817 55073.09498719 19.04 286.883071  46.059500  8.398
 83    10.893 55108.09493219 24.31 286.878287  46.051134 12.073
 83    19.339 55108.09493284 21.87 286.877027  46.054384 12.073
 83    19.626 55108.09493348 18.52 286.875777  46.057634 12.073
 84     4.277 55143.09493635 26.79 286.883943  46.050192 11.970
 84     4.263 55143.09493699 24.90 286.882683  46.053442 11.970
 84     4.302 55143.09493764 23.71 286.881433  46.056692 11.970
 84     4.608 55143.09493828 22.16 286.880183  46.059942 11.970
 85     3.826 55178.09490434 19.66 286.877822  46.050435 17.835
 85     4.024 55178.09490499 18.92 286.876572  46.053685 17.835
 85     3.103 55178.09490563 21.66 286.875312  46.056935 17.835
 86     4.865 55213.09493134 42.26 286.883415  46.051278 13.378
 86     4.516 55213.09493198 34.80 286.882155  46.054538 13.378
 86     4.400 55213.09493263 29.65 286.880905  46.057788 13.378
 86     4.317 55213.09493327 27.66 286.879655  46.061028 13.378
 87     4.789 55248.09490461 38.96 286.881268  46.049270 11.784
 87     4.572 55248.09490526 33.59 286.880008  46.052520 11.784
 87     4.302 55248.09490590 28.05 286.878758  46.055770 11.784
 87     3.878 55248.09490655 23.45 286.877508  46.059010 11.784
 88     4.812 55283.09492492 21.38 286.884638  46.050581 16.742
 88     4.410 55283.09492557 21.69 286.883378  46.053841 16.742
 88     8.206 55283.09492621 20.86 286.882128  46.057091 16.742
 88     9.799 55283.09492686 18.57 286.880878  46.060341 16.742
 89     4.577 55318.09489516 35.22 286.882230  46.050778 10.057
 89     4.619 55318.09489581 34.86 286.880980  46.054028 10.057
 89     4.825 55318.09489645 35.49 286.879730  46.057268 10.057
 89     4.764 55318.09489710 37.04 286.878470  46.060518 10.057
 90    21.278 55353.09489764 15.62 286.884862  46.050343  4.819
 90    20.823 55353.09489828 16.82 286.883602  46.053603  4.819
 90    11.548 55353.09489893 16.58 286.882352  46.056843  4.819
 90    11.442 55353.09489957 16.49 286.881102  46.060093  4.819
 91     4.050 55388.09489491 35.50 286.877619  46.050365 12.066
 91     3.779 55388.09489556 32.43 286.876369  46.053615 12.066
 91     3.746 55388.09489620 31.82 286.875119  46.056865 12.066
 92     4.163 55423.09491546 24.91 286.884664  46.050786 10.119
 92     3.828 55423.09491611 22.71 286.883414  46.054026 10.119
 92     3.344 55423.09491675 31.64 286.882154  46.057276 10.119
 92     2.979 55423.09491740 23.35 286.880904  46.060526 10.119
 93    16.290 55458.09488717 23.70 286.888719  46.048481 15.091
 93     3.855 55458.09488781 25.04 286.887469  46.051731 15.091
 93     3.552 55458.09488846 25.13 286.886219  46.054981 15.091
 93     3.387 55458.09488910 22.01 286.884959  46.058241 15.091
 93     3.697 55458.09488975 22.68 286.883709  46.061481 15.091
