# NaN NaN NaN ;Mean Elev.(m), Avg Gradient(m/km), RMS Gradient(m/km) - SRTM1     
#    0.250  -3.403   7.540 ;Mean Elev.(m), Avg Gradient(m/km), RMS Gradient(m/km) - ASTER GDEM
#    1.119  -3.175   7.524 ;Mean Elev.(m), Avg Gradient(m/km), RMS Gradient(m/km) - GMTED2010 
  8     5.009 52499.09310612 31.57 287.492557  46.343564 11.148
  8     3.508 52499.09310676 30.38 287.491287  46.346814 11.148
  8     3.717 52499.09310741 30.79 287.490027  46.350064 11.148
  8     3.777 52499.09310805 32.77 287.488767  46.353314 11.148
 10     5.025 52569.09312081 34.91 287.489405  46.337214 10.651
 10     3.524 52569.09312146 24.95 287.488141  46.340462 13.259
 10     2.840 52569.09312210 23.45 287.486871  46.343702 13.259
 10     2.680 52569.09312275 25.38 287.485611  46.346952 13.259
 10     3.265 52569.09312339 25.18 287.484341  46.350202 13.259
 11     3.439 52604.09310932 40.84 287.487268  46.349550 14.728
 11     3.681 52604.09310997 44.88 287.486008  46.352800 14.728
 12     3.383 52639.09308819 36.57 287.479770  46.346025 12.827
 12     3.366 52639.09308884 44.44 287.478510  46.349275 12.827
 13     3.837 52674.09308371 29.54 287.491453  46.340698 13.179
 13     3.877 52674.09308436 41.69 287.490193  46.343948 13.179
 13     3.751 52674.09308500 47.50 287.488933  46.347198 13.179
 13     4.283 52674.09308565 50.23 287.487663  46.350448 13.179
 13     3.367 52674.09308629 49.92 287.486403  46.353698 13.179
 14     3.503 52709.09309713 27.39 287.485613  46.338594  9.703
 14     3.667 52709.09309777 33.68 287.484353  46.341844  9.703
 14     3.683 52709.09309842 41.76 287.483083  46.345094  9.703
 14     3.364 52709.09309906 42.67 287.481823  46.348344  9.703
 14     3.289 52709.09309970 41.85 287.480553  46.351594  9.703
 15    11.602 52744.09312629 28.00 287.485878  46.338699 11.178
 15     9.244 52744.09312693 21.87 287.484618  46.341949 11.178
 15     3.194 52744.09312758 26.25 287.483348  46.345199 11.178
 15     4.178 52744.09312887 28.65 287.480828  46.351689 11.178
 17     5.492 52814.09314587 27.65 287.481325  46.336563 12.272
 17     3.990 52814.09314652 24.17 287.480065  46.339813 12.272
 17     3.257 52814.09314716 28.13 287.478795  46.343063 12.272
 17     2.962 52814.09314781 30.40 287.477535  46.346313 12.272
 17     3.518 52814.09314845 29.84 287.476265  46.349563 12.272
 18     3.461 52849.09319887 42.34 287.485365  46.336943 13.486
 18     4.548 52849.09319952 30.10 287.484105  46.340193 13.486
 18     3.100 52849.09320016 27.55 287.482845  46.343443 13.486
 18     3.104 52849.09320081 28.10 287.481575  46.346693 13.486
 18     3.334 52849.09320145 29.49 287.480315  46.349943 13.486
 19     6.652 52884.09323460 43.56 287.487124  46.337969 18.191
 19     3.819 52884.09323525 34.40 287.485854  46.341219 18.191
 19     3.138 52884.09323589 23.29 287.484594  46.344469 18.191
 19     3.345 52884.09323654 21.59 287.483324  46.347719 18.191
 19     3.548 52884.09323718 33.76 287.482064  46.350969 18.191
 20     3.058 52919.09319120 41.83 287.494190  46.340230 16.279
 20     3.872 52919.09319185 28.59 287.492920  46.343480 16.279
 20     3.126 52919.09319249 27.63 287.491660  46.346730 16.279
 20     3.421 52919.09319314 31.26 287.490400  46.349980 16.279
 20     3.519 52919.09319378 39.58 287.489130  46.353230 16.279
 24     4.135 53059.09314353 24.28 287.496450  46.338978 12.927
 24     4.545 53059.09314418 27.99 287.495190  46.342228 12.927
 24     4.646 53059.09314482 36.28 287.493930  46.345478 12.927
 24     4.241 53059.09314547 38.81 287.492660  46.348728 12.927
 24     4.522 53059.09314611 38.80 287.491400  46.351978 12.927
 25     4.800 53094.09318162 50.25 287.487686  46.339220 20.207
 25     4.675 53094.09318227 50.60 287.486416  46.342470 20.207
 25     4.926 53094.09318291 47.27 287.485156  46.345720 20.207
 25     4.747 53094.09318356 49.16 287.483886  46.348970 20.207
 25     4.629 53094.09318420 52.23 287.482626  46.352220 20.207
 26     5.063 53129.09315303 22.88 287.491558  46.337385 11.425
 26     4.082 53129.09315367 22.83 287.490298  46.340635 11.425
 26     3.825 53129.09315432 24.97 287.489038  46.343885 11.425
 26     4.229 53129.09315496 26.07 287.487768  46.347135 11.425
 26     4.623 53129.09315561 29.42 287.486508  46.350385 11.425
 26     4.778 53129.09315625 36.35 287.485238  46.353635 11.425
 28     5.952 53199.09322226 26.93 287.488987  46.339809 13.359
 28     3.337 53199.09322291 20.98 287.487727  46.343059 13.359
 28     3.098 53199.09322355 24.68 287.486457  46.346309 13.359
 28     3.677 53199.09322420 24.19 287.485197  46.349559 13.359
 28     3.917 53199.09322484 35.88 287.483937  46.352809 13.359
 29     3.526 53234.09319434 36.37 287.496295  46.351302 11.190
 29     3.689 53234.09319499 36.91 287.495035  46.354552 11.190
 30     4.094 53269.09315928 21.49 287.497297  46.339998 10.244
 30     6.642 53269.09315993 20.85 287.496037  46.343238 10.244
 30     3.104 53269.09316057 21.35 287.494767  46.346488 10.244
 30     3.437 53269.09316122 24.03 287.493507  46.349738 10.244
 30     3.811 53269.09316186 28.25 287.492237  46.352988 10.244
 31     4.140 53304.09321901 47.99 287.480195  46.333830 18.246
 31     5.011 53304.09321966 41.60 287.478935  46.337080 18.246
 31     4.063 53304.09322030 37.94 287.477665  46.340330 18.246
 31     4.114 53304.09322095 40.70 287.476405  46.343580 18.246
 31     4.193 53304.09322159 46.37 287.475145  46.346830 18.246
 31     3.985 53304.09322224 47.74 287.473875  46.350080 18.246
 32     6.814 53339.09318875 33.67 287.491269  46.339778 14.478
 32     3.815 53339.09318940 23.29 287.490009  46.343028 14.478
 32     3.066 53339.09319004 25.83 287.488739  46.346278 14.478
 32     3.645 53339.09319069 25.36 287.487479  46.349528 14.478
 32     3.722 53339.09319133 30.05 287.486209  46.352778 14.478
 35     4.675 53444.09314626 30.84 287.496830  46.341204 13.789
 35     4.614 53444.09314690 39.60 287.495570  46.344454 13.789
 35     4.349 53444.09314755 41.24 287.494310  46.347704 13.789
 35     4.470 53444.09314819 38.11 287.493040  46.350954 13.789
 35     4.600 53444.09314884 40.02 287.491780  46.354204 13.789
 36     5.190 53479.09322341 49.40 287.481306  46.337129 17.602
 36     5.084 53479.09322405 48.30 287.480046  46.340379 17.602
 36     5.143 53479.09322470 46.85 287.478776  46.343629 17.602
 36     5.127 53479.09322534 48.49 287.477516  46.346879 17.602
 36     5.120 53479.09322599 46.71 287.476246  46.350129 17.602
 37    12.719 53514.09323194 17.23 287.489657  46.338594  6.137
 37    26.747 53514.09323259 13.48 287.488397  46.341844  6.137
 37    29.403 53514.09323323 12.76 287.487127  46.345094  6.137
 37    28.669 53514.09323388 14.35 287.485867  46.348344  6.137
 37    15.468 53514.09323452 18.45 287.484597  46.351594  6.137
 38     5.951 53549.09325045 30.15 287.486972  46.337736 12.551
 38     4.062 53549.09325109 27.27 287.485702  46.340986 12.551
 38     3.610 53549.09325174 27.96 287.484442  46.344236 12.551
 38     3.761 53549.09325238 29.26 287.483182  46.347486 12.551
 38     4.216 53549.09325303 30.04 287.481912  46.350736 12.551
 39     3.559 53584.09321663 34.41 287.488952  46.351126 14.631
 39     3.493 53584.09321727 35.07 287.487692  46.354376 14.631
 40     3.221 53619.09317264 28.62 287.491149  46.348282 11.775
 40     3.205 53619.09317329 28.75 287.489879  46.351532 11.775
 41    14.769 53654.09319549 20.53 287.486354  46.339105 11.067
 41     3.664 53654.09319614 20.62 287.485094  46.342355 11.067
 41     3.422 53654.09319678 21.18 287.483824  46.345605 11.067
 41     3.779 53654.09319743 25.36 287.482564  46.348855 11.067
 41     3.929 53654.09319807 31.75 287.481294  46.352105 11.067
 42     6.925 53689.09319174 34.44 287.488518  46.337581 15.445
 42     3.885 53689.09319239 25.21 287.487258  46.340831 15.445
 42     3.421 53689.09319303 27.81 287.485998  46.344081 15.445
 42     3.868 53689.09319367 28.42 287.484728  46.347331 15.445
 42     4.240 53689.09319432 30.19 287.483468  46.350581 15.445
 45     4.521 53794.09307717 28.32 287.496724  46.338946 10.815
 45     4.815 53794.09307781 31.34 287.495464  46.342196 10.815
 45     4.727 53794.09307846 35.79 287.494194  46.345446 10.815
 45     4.728 53794.09307910 39.79 287.492934  46.348696 10.815
 45     4.641 53794.09307975 40.26 287.491664  46.351946 10.815
 46    25.809 53829.09305113 18.50 287.487699  46.337592  9.181
 46    26.839 53829.09305177 17.18 287.486429  46.340842  9.181
 46    24.651 53829.09305242 18.72 287.485169  46.344092  9.181
 46     4.671 53829.09305306 22.12 287.483899  46.347342  9.181
 46     4.926 53829.09305371 26.65 287.482639  46.350582  9.181
 47     4.791 53864.09313189 45.97 287.484627  46.336523 18.042
 47     4.809 53864.09313254 41.45 287.483357  46.339773 18.042
 47     4.570 53864.09313318 43.26 287.482097  46.343023 18.042
 47     4.688 53864.09313383 44.14 287.480827  46.346263 18.042
 47     4.518 53864.09313447 42.86 287.479567  46.349513 18.042
 48     5.994 53899.09315696 44.42 287.488871  46.338103 13.013
 48     4.187 53899.09315760 29.26 287.487611  46.341353 13.013
 48     4.309 53899.09315825 26.01 287.486341  46.344603 13.013
 48     4.208 53899.09315889 41.51 287.485081  46.347853 13.013
 48     4.144 53899.09315954 33.77 287.483821  46.351103 13.013
 49     6.050 53934.09320153 24.14 287.481109  46.336829 16.047
 49     3.502 53934.09320218 23.20 287.479839  46.340079 16.047
 49     3.076 53934.09320282 26.94 287.478579  46.343319 16.047
 49     3.322 53934.09320347 27.75 287.477309  46.346569 16.047
 49     3.712 53934.09320411 28.22 287.476049  46.349819 16.047
 50     5.697 53969.09317258 46.14 287.487158  46.339280 23.758
 50     3.274 53969.09317323 36.17 287.485898  46.342530 23.758
 50     3.126 53969.09317387 21.43 287.484628  46.345770 23.758
 50     3.748 53969.09317452 22.94 287.483368  46.349020 23.758
 50     3.843 53969.09317516 36.47 287.482098  46.352270 23.758
 51     7.124 54004.09314460 36.85 287.485938  46.337085 16.243
 51     4.909 54004.09314525 20.95 287.484678  46.340325 16.243
 51     3.149 54004.09314589 18.66 287.483408  46.343575 16.243
 51     3.722 54004.09314718 25.88 287.480878  46.350075 16.243
 52     5.010 54039.09317771 25.10 287.491141  46.337315 11.734
 52     4.691 54039.09317835 22.75 287.489881  46.340565 11.734
 52     3.931 54039.09317900 25.31 287.488611  46.343815 11.734
 52     4.348 54039.09317964 26.47 287.487351  46.347055 11.734
 52     4.547 54039.09318029 30.04 287.486081  46.350305 11.734
 52     4.892 54039.09318093 37.28 287.484821  46.353555 11.734
 53     6.018 54074.09317260 19.40 287.492062  46.340585 13.937
 53     4.536 54074.09317325 23.77 287.490792  46.343825 13.937
 53     6.990 54074.09317389 24.00 287.489532  46.347075 13.937
 53     5.041 54074.09317454 29.24 287.488262  46.350325 13.937
 53     5.444 54074.09317518 35.03 287.487002  46.353575 13.937
 54    12.724 54109.09311876 16.86 287.495894  46.341855  4.911
 54    22.414 54109.09311941 17.24 287.494624  46.345105  4.911
 54    24.570 54109.09312005 19.28 287.493364  46.348355  4.911
 54     4.356 54109.09312070 22.21 287.492104  46.351595  4.911
 54     4.502 54109.09312134 23.12 287.490834  46.354845  4.911
 57    27.465 54214.09311769 17.50 287.486259  46.338906  9.234
 57    27.546 54214.09311833 19.37 287.484999  46.342156  9.234
 57    11.668 54214.09311898 22.22 287.483729  46.345406  9.234
 57     5.073 54214.09311962 25.62 287.482469  46.348656  9.234
 57     6.458 54214.09312027 32.20 287.481199  46.351906  9.234
 58     6.785 54249.09314565 29.42 287.488257  46.337949 10.583
 58    11.952 54249.09314630 18.69 287.486997  46.341199 10.583
 58     7.430 54249.09314694 18.08 287.485727  46.344449 10.583
 58     3.702 54249.09314759 22.71 287.484467  46.347699 10.583
 58     3.922 54249.09314823 29.80 287.483207  46.350949 10.583
 59     6.065 54284.09315358 42.77 287.491707  46.338955 14.519
 59     3.681 54284.09315423 29.69 287.490437  46.342205 14.519
 59     3.411 54284.09315487 28.47 287.489177  46.345455 14.519
 59     3.666 54284.09315552 30.10 287.487907  46.348705 14.519
 59     3.548 54284.09315616 34.95 287.486647  46.351955 14.519
 60     4.019 54319.09315074 32.63 287.493216  46.337794 13.918
 60     6.323 54319.09315138 42.18 287.491956  46.341044 13.918
 60     3.579 54319.09315203 24.84 287.490686  46.344294 13.918
 60     3.145 54319.09315267 22.89 287.489426  46.347544 13.918
 60     3.268 54319.09315331 24.83 287.488156  46.350794 13.918
 60     3.419 54319.09315396 30.89 287.486896  46.354044 13.918
 61     3.403 54354.09311458 42.26 287.496221  46.338765 17.233
 61     4.455 54354.09311523 43.52 287.494961  46.342015 17.233
 61     2.888 54354.09311587 25.01 287.493701  46.345265 17.233
 61     2.774 54354.09311652 23.68 287.492431  46.348515 17.233
 61     3.185 54354.09311716 27.65 287.491171  46.351765 17.233
 62     5.593 54389.09309122 38.24 287.490462  46.339384 15.393
 62     3.340 54389.09309186 29.79 287.489202  46.342634 15.393
 62     2.801 54389.09309250 28.01 287.487942  46.345884 15.393
 62     3.114 54389.09309315 27.77 287.486672  46.349134 15.393
 62     3.479 54389.09309379 37.82 287.485412  46.352384 15.393
 63     6.908 54424.09306466 30.37 287.492636  46.340328  8.042
 63     4.488 54424.09306531 22.22 287.491366  46.343578  8.042
 63     2.766 54424.09306595 22.25 287.490106  46.346828  8.042
 63     2.562 54424.09306660 24.39 287.488846  46.350078  8.042
 63     2.744 54424.09306724 27.06 287.487576  46.353328  8.042
 64     3.718 54459.09306609 27.49 287.487539  46.337340 11.003
 64     3.864 54459.09306674 30.00 287.486279  46.340590 11.003
 64     4.043 54459.09306738 37.58 287.485009  46.343840 11.003
 64     4.220 54459.09306803 38.56 287.483749  46.347090 11.003
 64     4.458 54459.09306867 37.18 287.482479  46.350340 11.003
 66     4.335 54529.09307893 32.41 287.490010  46.338128  8.416
 66     4.640 54529.09307957 35.82 287.488740  46.341378  8.416
 66     4.674 54529.09308022 43.51 287.487480  46.344628  8.416
 66     4.630 54529.09308086 46.74 287.486210  46.347878  8.416
 66     4.588 54529.09308151 42.12 287.484950  46.351128  8.416
 67     5.416 54564.09307613 41.74 287.495073  46.339787 12.064
 67     5.517 54564.09307678 44.88 287.493803  46.343037 12.064
 67     4.876 54564.09307742 40.46 287.492543  46.346287 12.064
 67     4.426 54564.09307807 36.12 287.491273  46.349537 12.064
 67     4.434 54564.09307871 33.67 287.490013  46.352787 12.064
 68     9.102 54599.09307495 21.13 287.489546  46.338628  8.985
 68     4.658 54599.09307559 22.54 287.488276  46.341878  8.985
 68     4.461 54599.09307623 24.54 287.487016  46.345128  8.985
 68     5.052 54599.09307688 25.34 287.485756  46.348378  8.985
 68     5.147 54599.09307752 33.32 287.484486  46.351628  8.985
 69     5.736 54634.09308710 33.80 287.489561  46.336829  6.452
 69    13.019 54634.09308774 21.90 287.488301  46.340079  6.452
 69    13.009 54634.09308839 21.80 287.487031  46.343329  6.452
 69    27.998 54634.09308903 19.66 287.485771  46.346579  6.452
 69    30.494 54634.09308968 18.09 287.484511  46.349829  6.452
 69    15.889 54634.09309032 24.07 287.483241  46.353079  6.452
 70    10.852 54669.09309261 19.75 287.489685  46.340059 10.786
 70     5.499 54669.09309325 19.08 287.488425  46.343309 10.786
 70     3.942 54669.09309390 19.54 287.487155  46.346559 10.786
 70     3.653 54669.09309454 22.91 287.485895  46.349809 10.786
 70     3.797 54669.09309519 27.97 287.484625  46.353059 10.786
 71     4.099 54704.09305629 20.89 287.496034  46.338605  9.510
 71    11.046 54704.09305693 18.10 287.494764  46.341855  9.510
 71     3.053 54704.09305758 20.20 287.493504  46.345105  9.510
 71     3.030 54704.09305822 25.66 287.492244  46.348355  9.510
 71     5.609 54704.09305886 28.61 287.490974  46.351605  9.510
 71    13.519 54704.09305951 28.89 287.489714  46.354855  9.510
 72     6.862 54739.09305452 27.27 287.487739  46.338050 12.916
 72     3.618 54739.09305517 23.76 287.486469  46.341300 12.916
 72     3.578 54739.09305581 25.88 287.485209  46.344550 12.916
 72     4.054 54739.09305646 29.80 287.483949  46.347800 12.916
 72     4.212 54739.09305710 36.21 287.482679  46.351050 12.916
 73     3.735 54774.09303876 35.68 287.491348  46.347241 11.845
 73     3.774 54774.09303941 35.60 287.490078  46.350491 11.845
 73     3.862 54774.09304005 35.74 287.488818  46.353741 11.845
 74     3.867 54809.09304916 41.77 287.483011  46.344146 12.865
 74     3.892 54809.09304980 40.42 287.481741  46.347396 12.865
 74     3.706 54809.09305045 48.17 287.480481  46.350636 12.865
 76     4.668 54879.09305079 27.44 287.488080  46.336563  9.367
 76     5.177 54879.09305143 33.33 287.486820  46.339813  9.367
 76     4.875 54879.09305208 45.15 287.485550  46.343063  9.367
 76     4.759 54879.09305272 47.87 287.484290  46.346313  9.367
 76     4.804 54879.09305337 52.06 287.483020  46.349553  9.367
 76     5.042 54879.09305401 47.37 287.481758  46.352811  6.721
 77     4.293 54914.09304100 37.81 287.490171  46.347170 10.948
 77     4.241 54914.09304165 38.09 287.488901  46.350420 10.948
 77     4.134 54914.09304229 35.80 287.487641  46.353670 10.948
 78     9.991 54949.09304380 18.29 287.487039  46.338360  7.979
 78     5.156 54949.09304444 19.67 287.485779  46.341610  7.979
 78     4.545 54949.09304509 23.74 287.484513  46.344851 13.564
 78     5.061 54949.09304573 28.02 287.483243  46.348101 13.564
 78     5.211 54949.09304637 37.07 287.481983  46.351351 13.564
 79    10.169 54984.09306871 22.42 287.488253  46.337519  6.835
 79    11.268 54984.09306936 23.13 287.486983  46.340769  6.835
 79     4.004 54984.09307000 24.50 287.485723  46.344019  6.835
 79     4.047 54984.09307065 27.41 287.484463  46.347269  6.835
 79     4.408 54984.09307129 31.66 287.483193  46.350519  6.835
 80    11.388 55019.09306500 18.86 287.491705  46.338606  8.207
 80    11.261 55019.09306565 18.13 287.490445  46.341856  8.207
 80     3.939 55019.09306629 19.04 287.489185  46.345106  8.207
 80     3.967 55019.09306694 20.79 287.487915  46.348356  8.207
 80     3.896 55019.09306758 25.21 287.486655  46.351606  8.207
 81     4.178 55054.09306107 29.92 287.493385  46.337840 12.505
 81     9.933 55054.09306172 19.86 287.492125  46.341090 12.505
 81     3.761 55054.09306236 20.11 287.490865  46.344340 12.505
 81     3.705 55054.09306301 23.26 287.489595  46.347590 12.505
 81     3.839 55054.09306365 28.96 287.488335  46.350840 12.505
 81     3.897 55054.09306430 31.70 287.487065  46.354090 12.505
 82     3.342 55089.09302448 36.31 287.489973  46.351236 15.848
 82     3.769 55089.09302512 34.52 287.488713  46.354486 15.848
 83     4.097 55124.09299789 30.76 287.489668  46.338387 13.867
 83     3.978 55124.09299854 30.76 287.488398  46.341637 13.867
 83     3.788 55124.09299918 30.56 287.487138  46.344887 13.867
 83     3.617 55124.09299983 30.68 287.485878  46.348137 13.867
 83     4.081 55124.09300047 33.05 287.484608  46.351387 13.867
 84     3.734 55159.09298273 34.50 287.492635  46.338738 11.744
 84     3.717 55159.09298338 29.20 287.491365  46.341988 11.744
 84     3.424 55159.09298402 31.06 287.490105  46.345238 11.744
 84     3.495 55159.09298467 32.78 287.488845  46.348488 11.744
 84     3.580 55159.09298531 33.13 287.487575  46.351738 11.744
 85     4.190 55194.09299011 47.88 287.482031  46.347854 13.292
 85     4.250 55194.09299075 46.49 287.480771  46.351104 13.292
 87     4.260 55264.09298315 47.02 287.490324  46.338464 10.642
 87     4.596 55264.09298380 51.12 287.489064  46.341714 10.642
 87     4.626 55264.09298444 36.46 287.487794  46.344964 10.642
 87     3.951 55264.09298509 29.39 287.486534  46.348214 10.642
 87     4.335 55264.09298573 28.17 287.485264  46.351454 10.642
 88    27.703 55299.09296857 18.61 287.494493  46.341242 16.780
 88     5.220 55299.09296922 19.39 287.493223  46.344492 16.780
 88     5.581 55299.09296986 19.38 287.491963  46.347742 16.780
 88     5.581 55299.09297051 22.11 287.490693  46.350992 16.780
 88     5.782 55299.09297115 36.17 287.489433  46.354242 16.780
 89     3.851 55334.09296302 49.52 287.487244  46.346925 15.875
 89     3.630 55334.09296367 50.06 287.485984  46.350175 15.875
 89     3.704 55334.09296431 50.11 287.484714  46.353425 15.875
 90     3.341 55369.09295227 39.29 287.492585  46.338360 13.701
 90     5.084 55369.09295291 37.32 287.491325  46.341610 13.701
 90     2.987 55369.09295355 25.32 287.490065  46.344860 13.701
 90     2.953 55369.09295420 24.33 287.488795  46.348110 13.701
 90     3.379 55369.09295484 32.25 287.487535  46.351360 13.701
 91     3.185 55404.09296933 48.53 287.487717  46.339472 14.288
 91     2.796 55404.09296998 32.48 287.486447  46.342722 14.288
 91     2.597 55404.09297062 25.31 287.485187  46.345972 14.288
 91     3.053 55404.09297127 25.01 287.483917  46.349222 14.288
 91     3.300 55404.09297191 37.45 287.482657  46.352462 14.288
 92     3.317 55439.09297076 36.89 287.493969  46.338771 14.871
 92     5.406 55439.09297141 39.39 287.492709  46.342021 14.871
 92     2.907 55439.09297205 27.50 287.491449  46.345271 14.871
 92     2.706 55439.09297269 23.23 287.490179  46.348521 14.871
 92     3.048 55439.09297334 22.39 287.488919  46.351771 14.871
 93     4.818 55474.09291770 21.84 287.495941  46.341684 11.862
 93     4.705 55474.09291835 21.66 287.494671  46.344934 11.862
 93     4.245 55474.09291899 26.28 287.493411  46.348184 11.862
 93     4.490 55474.09291964 28.33 287.492151  46.351434 11.862
 93     4.742 55474.09292028 37.30 287.490881  46.354684 11.862
