# NaN NaN NaN ;Mean Elev.(m), Avg Gradient(m/km), RMS Gradient(m/km) - SRTM1     
#   -4.904  -1.633   5.728 ;Mean Elev.(m), Avg Gradient(m/km), RMS Gradient(m/km) - ASTER GDEM
#    1.345  -1.718   5.736 ;Mean Elev.(m), Avg Gradient(m/km), RMS Gradient(m/km) - GMTED2010 
  8     3.324 52497.64273362 19.70 287.679681  46.440650  6.278
  8     3.270 52497.64273427 20.37 287.678421  46.437400  6.278
  8     3.316 52497.64273491 19.62 287.677151  46.434150  6.278
  8     3.142 52497.64273556 20.49 287.675881  46.430900  6.278
  8     3.284 52497.64273620 19.24 287.674621  46.427650  6.278
  8     3.003 52497.64273684 20.29 287.673351  46.424400  6.278
  8     2.991 52497.64273749 20.46 287.672081  46.421160  6.278
  8     3.138 52497.64273813 20.59 287.670812  46.417910 14.454
  8     3.256 52497.64273878 20.09 287.669552  46.414660 14.454
  8     3.465 52497.64273942 19.70 287.668282  46.411410 14.454
  8     3.382 52497.64274007 22.37 287.667022  46.408160 14.454
  8     3.543 52497.64274071 22.43 287.665752  46.404910 14.454
  8     3.532 52497.64274136 31.11 287.664492  46.401660 14.454
 10     9.496 52567.64274509 18.24 287.687115  46.441729 13.052
 10     0.686 52567.64274573 21.38 287.685845  46.438479 13.052
 10     0.249 52567.64274638 22.34 287.684585  46.435229 13.052
 10     0.753 52567.64274702 22.84 287.683315  46.431979 13.052
 10     1.053 52567.64274767 23.06 287.682045  46.428729 13.052
 10     2.091 52567.64274831 20.22 287.680775  46.425479 13.052
 10     2.289 52567.64274896 20.85 287.679515  46.422229 13.052
 10     2.405 52567.64274960 22.07 287.678245  46.418989 13.052
 10     2.091 52567.64275025 24.42 287.676975  46.415739 13.052
 10     2.511 52567.64275089 23.35 287.675705  46.412489 13.052
 10     3.031 52567.64275154 22.91 287.674445  46.409239 13.052
 10     3.644 52567.64275218 24.15 287.673175  46.405989 13.052
 10     3.601 52567.64275283 28.07 287.671905  46.402739 13.052
 10     3.239 52567.64275347 44.49 287.670645  46.399489 13.052
 11     8.972 52602.64274604 13.21 287.672783  46.440898 12.335
 11     7.898 52602.64274668 15.20 287.671513  46.437658 12.335
 11     6.993 52602.64274732 14.34 287.670253  46.434408 12.335
 11     5.905 52602.64274797 15.25 287.668983  46.431158 12.335
 11     2.991 52602.64274861 15.65 287.667713  46.427908 12.335
 11     2.592 52602.64274926 16.92 287.666453  46.424658 12.335
 11     2.069 52602.64274990 18.07 287.665183  46.421408 12.335
 11     2.386 52602.64275055 18.06 287.663913  46.418158 12.335
 11     2.601 52602.64275119 19.60 287.662653  46.414908 12.335
 11     3.709 52602.64275184 20.40 287.661383  46.411658 12.335
 11     2.703 52602.64275248 23.50 287.660123  46.408418 12.335
 11     2.941 52602.64275313 29.25 287.658853  46.405168 12.335
 11     3.253 52602.64275377 33.95 287.657583  46.401918 12.335
 12     2.552 52637.64271661 48.79 287.682778  46.440752 22.265
 12     2.609 52637.64271725 47.50 287.681508  46.437502 22.265
 12     2.470 52637.64271790 44.62 287.680248  46.434262 22.265
 12     2.517 52637.64271854 39.89 287.678978  46.431012 22.265
 12     2.564 52637.64271919 39.04 287.677708  46.427762 22.265
 12     2.454 52637.64271983 35.33 287.676438  46.424512 22.265
 12     2.496 52637.64272048 32.44 287.675178  46.421262 22.265
 12     2.453 52637.64272112 39.27 287.673908  46.418012 22.265
 12     2.487 52637.64272177 40.35 287.672638  46.414762 22.265
 12     2.375 52637.64272241 36.07 287.671368  46.411512 22.265
 12     2.277 52637.64272306 34.49 287.670108  46.408262 22.265
 12     2.417 52637.64272370 36.76 287.668838  46.405022 22.265
 12     2.612 52637.64272435 32.21 287.667575  46.401764  4.132
 12     5.132 52637.64272499 23.89 287.666305  46.398524  4.132
 13     3.633 52672.64271861 49.71 287.676642  46.439564 22.296
 13     3.197 52672.64271925 46.65 287.675372  46.436314 22.296
 13     3.379 52672.64271990 30.95 287.674102  46.433064 22.296
 13     3.491 52672.64272054 30.38 287.672842  46.429814 22.296
 13     3.526 52672.64272119 32.35 287.671572  46.426564 22.296
 13     3.513 52672.64272183 32.65 287.670302  46.423324 22.296
 13     3.341 52672.64272248 30.12 287.669042  46.420074 22.296
 13     3.189 52672.64272312 26.94 287.667772  46.416824 22.296
 13     2.992 52672.64272377 27.22 287.666502  46.413574 22.296
 13     3.311 52672.64272441 27.43 287.665242  46.410324 22.296
 13     3.395 52672.64272505 28.15 287.663972  46.407074 22.296
 13     3.563 52672.64272570 46.24 287.662712  46.403824 22.296
 14     2.093 52707.64272282 48.58 287.684406  46.440583 13.417
 14     2.574 52707.64272346 42.08 287.683136  46.437333 13.417
 14     2.471 52707.64272411 36.01 287.681866  46.434083 13.417
 14     2.310 52707.64272475 31.05 287.680606  46.430833 13.417
 14     1.907 52707.64272540 27.97 287.679336  46.427583 13.417
 14     1.411 52707.64272604 24.68 287.678066  46.424333 13.417
 14     1.543 52707.64272668 23.49 287.676796  46.421093 13.417
 14     2.470 52707.64272733 21.62 287.675536  46.417843 13.417
 14     2.660 52707.64272797 22.69 287.674265  46.414586  4.920
 14     2.756 52707.64272862 24.09 287.672995  46.411346  4.920
 14     2.618 52707.64272926 23.23 287.671735  46.408096  4.920
 14     2.494 52707.64272991 25.70 287.670465  46.404846  4.920
 14     2.404 52707.64273055 20.17 287.669195  46.401596  4.920
 14     2.189 52707.64273120 19.56 287.667935  46.398346  4.920
 15    10.135 52742.64275408 19.17 287.673739  46.441635 16.628
 15     9.450 52742.64275472 18.57 287.672469  46.438385 16.628
 15     8.118 52742.64275537 20.48 287.671199  46.435135 16.628
 15     3.337 52742.64275601 25.02 287.669939  46.431885 16.628
 15     3.515 52742.64275666 32.94 287.668669  46.428635 16.628
 15     3.365 52742.64275730 34.24 287.667399  46.425385 16.628
 15     3.410 52742.64275795 37.69 287.666139  46.422135 16.628
 15     3.432 52742.64275859 33.77 287.664869  46.418895 16.628
 15     3.227 52742.64275924 30.75 287.663599  46.415645 16.628
 15     3.098 52742.64275988 27.12 287.662333  46.412396  9.616
 15     2.886 52742.64276053 23.80 287.661073  46.409146  9.616
 15     3.283 52742.64276117 24.55 287.659803  46.405896  9.616
 15     3.859 52742.64276182 27.47 287.658533  46.402646  9.616
 17     1.972 52812.64277397 28.54 287.683550  46.442053 16.635
 17     2.400 52812.64277461 31.79 287.682290  46.438803 16.635
 17     2.771 52812.64277526 29.89 287.681020  46.435553 16.635
 17     2.972 52812.64277590 31.69 287.679750  46.432303 16.635
 17     3.159 52812.64277655 42.24 287.678480  46.429053 16.635
 17     3.249 52812.64277719 50.81 287.677210  46.425803 16.635
 17     3.269 52812.64277784 51.90 287.675950  46.422553 16.635
 17     3.151 52812.64277848 46.91 287.674680  46.419303 16.635
 17     3.178 52812.64277913 49.70 287.673410  46.416053 16.635
 17     3.129 52812.64277977 42.57 287.672140  46.412813 16.635
 17     3.021 52812.64278042 38.01 287.670880  46.409563 16.635
 17     3.187 52812.64278106 36.60 287.669610  46.406306 15.670
 17     3.161 52812.64278170 45.24 287.668340  46.403066 15.670
 17     3.126 52812.64278235 53.38 287.667080  46.399816 15.670
 18    10.552 52847.64282815 14.23 287.685196  46.442066  9.363
 18    10.416 52847.64282880 12.45 287.683926  46.438816  9.363
 18     9.954 52847.64282944 13.34 287.682656  46.435566  9.363
 18     8.432 52847.64283009 14.34 287.681386  46.432316  9.363
 18     3.515 52847.64283073 14.88 287.680126  46.429076  9.363
 18     2.926 52847.64283138 15.79 287.678856  46.425826  9.363
 18     2.745 52847.64283202 16.73 287.677586  46.422576  9.363
 18     2.972 52847.64283267 16.69 287.676316  46.419326  9.363
 18     3.509 52847.64283331 17.88 287.675056  46.416076  9.363
 18     2.529 52847.64283396 19.45 287.673786  46.412826  9.363
 18     2.882 52847.64283460 21.02 287.672516  46.409576  9.363
 18     3.120 52847.64283524 23.79 287.671256  46.406326  9.363
 18     3.255 52847.64283589 27.69 287.669986  46.403076  9.363
 18     3.780 52847.64283653 33.86 287.668716  46.399836  9.363
 19     3.193 52882.64286512 14.92 287.677128  46.440261  9.845
 19     3.059 52882.64286577 15.56 287.675868  46.437021  9.845
 19     2.815 52882.64286641 17.69 287.674598  46.433771  9.845
 19     2.801 52882.64286706 18.41 287.673328  46.430521  9.845
 19     2.808 52882.64286770 19.68 287.672058  46.427271  9.845
 19     2.582 52882.64286835 19.01 287.670798  46.424021  9.845
 19     2.382 52882.64286899 20.08 287.669528  46.420771  9.845
 19     2.372 52882.64286963 19.33 287.668258  46.417521  9.845
 19     2.416 52882.64287028 18.80 287.666998  46.414271  9.845
 19     2.496 52882.64287092 20.45 287.665728  46.411021  9.845
 19     2.773 52882.64287157 22.35 287.664468  46.407781  9.845
 19     2.992 52882.64287221 24.89 287.663193  46.404531 12.615
 19     3.188 52882.64287286 28.89 287.661933  46.401281 12.615
 20     9.969 52917.64282195 14.87 287.677902  46.440526 14.006
 20     9.381 52917.64282259 14.73 287.676632  46.437276 14.006
 20    -1.254 52917.64282324 17.59 287.675362  46.434026 14.006
 20     2.178 52917.64282388 17.21 287.674102  46.430786 14.006
 20     2.408 52917.64282453 16.02 287.672832  46.427536 14.006
 20     2.433 52917.64282517 16.70 287.671562  46.424286 14.006
 20     2.405 52917.64282582 17.51 287.670302  46.421036 14.006
 20     1.965 52917.64282646 19.81 287.669032  46.417786 14.006
 20     1.908 52917.64282710 21.35 287.667762  46.414536 14.006
 20     2.171 52917.64282775 23.20 287.666502  46.411286 14.006
 20     2.790 52917.64282839 25.35 287.665232  46.408036 14.006
 20     2.946 52917.64282904 29.36 287.663972  46.404786 14.006
 20     3.064 52917.64282968 31.53 287.662702  46.401536 14.006
 21     8.151 52952.64278339 15.25 287.692107  46.440766 11.681
 21     3.027 52952.64278404 16.25 287.690837  46.437516 11.681
 21     3.061 52952.64278468 17.40 287.689577  46.434266 11.681
 21     0.300 52952.64278533 19.82 287.688307  46.431026 11.681
 21     0.802 52952.64278597 20.03 287.687037  46.427776 11.681
 21     1.416 52952.64278661 20.85 287.685767  46.424526 11.681
 21     1.852 52952.64278726 21.68 287.684507  46.421276 11.681
 21     2.490 52952.64278790 22.22 287.683237  46.418026 11.681
 21     2.556 52952.64278855 22.56 287.681967  46.414776 11.681
 21     3.080 52952.64278919 23.86 287.680697  46.411526 11.681
 21     3.363 52952.64278984 26.38 287.679437  46.408276 11.681
 21     3.714 52952.64279048 28.02 287.678167  46.405036 11.681
 21     3.795 52952.64279113 40.21 287.676900  46.401779 16.352
 22     3.896 52987.64279600 44.25 287.690211  46.442768 28.396
 22     3.899 52987.64279664 48.95 287.688941  46.439528 28.396
 22     3.849 52987.64279729 49.75 287.687681  46.436278 28.396
 22     3.891 52987.64279793 48.74 287.686411  46.433028 28.396
 22     3.792 52987.64279858 52.87 287.685141  46.429778 28.396
 22     3.794 52987.64279922 48.44 287.683881  46.426528 28.396
 22     3.810 52987.64279987 47.49 287.682611  46.423278 28.396
 22     3.761 52987.64280051 46.21 287.681341  46.420028 28.396
 22     3.835 52987.64280116 48.30 287.680071  46.416778 28.396
 22     3.899 52987.64280180 49.59 287.678811  46.413538 28.396
 22     3.852 52987.64280245 36.40 287.677541  46.410288 28.396
 22     3.784 52987.64280309 33.63 287.676271  46.407038 28.396
 22     3.750 52987.64280374 33.20 287.675011  46.403788 28.396
 22     3.738 52987.64280438 34.15 287.673741  46.400538 28.396
 23     3.133 53022.64278493 46.95 287.681990  46.439764 12.401
 23     3.371 53022.64278558 43.33 287.680730  46.436524 12.401
 23     3.086 53022.64278622 36.31 287.679460  46.433274 12.401
 23     2.870 53022.64278687 30.78 287.678190  46.430024 12.401
 23     2.575 53022.64278751 28.21 287.676920  46.426774 12.401
 23     2.903 53022.64278816 26.06 287.675660  46.423524 12.401
 23     3.013 53022.64278880 25.01 287.674390  46.420274 12.401
 23     2.955 53022.64278945 25.27 287.673130  46.417024 12.401
 23     3.077 53022.64279009 24.84 287.671860  46.413774 12.401
 23     3.046 53022.64279074 24.56 287.670590  46.410524 12.401
 23     3.020 53022.64279138 24.23 287.669330  46.407274 12.401
 23     3.205 53022.64279202 26.18 287.668060  46.404034 12.401
 23     3.229 53022.64279267 25.27 287.666790  46.400784 12.401
 24     4.224 53057.64277741 45.38 287.689965  46.440931 24.966
 24     4.294 53057.64277805 50.33 287.688695  46.437681 24.966
 24     4.181 53057.64277870 51.28 287.687425  46.434431 24.966
 24     4.315 53057.64277934 49.09 287.686165  46.431181 24.966
 24     4.162 53057.64277999 41.65 287.684895  46.427931 24.966
 24     4.175 53057.64278063 34.84 287.683625  46.424681 24.966
 24     3.869 53057.64278128 30.87 287.682355  46.421441 24.966
 24     4.043 53057.64278192 29.21 287.681095  46.418191 24.966
 24     4.089 53057.64278256 29.86 287.679825  46.414941 24.966
 24     4.142 53057.64278321 27.53 287.678555  46.411691 24.966
 24     4.243 53057.64278385 43.19 287.677295  46.408441 24.966
 24     4.210 53057.64278450 47.25 287.676025  46.405191 24.966
 24     4.223 53057.64278514 29.03 287.674755  46.401941 24.966
 25    10.034 53092.64281616 24.09 287.666975  46.439714 15.721
 25     9.839 53092.64281681 21.60 287.665705  46.436464 15.721
 25     9.129 53092.64281745 19.96 287.664445  46.433214 15.721
 25     8.652 53092.64281809 18.65 287.663175  46.429964 15.721
 25     8.016 53092.64281874 18.04 287.661905  46.426714 15.721
 25     7.065 53092.64281938 18.93 287.660645  46.423464 15.721
 25     5.894 53092.64282003 20.04 287.659375  46.420224 15.721
 25     4.897 53092.64282067 21.58 287.658105  46.416974 15.721
 25     2.619 53092.64282132 23.23 287.656845  46.413724 15.721
 25     2.766 53092.64282196 25.08 287.655575  46.410474 15.721
 25     3.109 53092.64282261 25.95 287.654315  46.407224 15.721
 25     3.343 53092.64282325 26.52 287.653045  46.403974 15.721
 25     3.644 53092.64282390 31.12 287.651785  46.400724 15.721
 25     3.652 53092.64282454 36.70 287.650515  46.397474 15.721
 26     9.290 53127.64278630 14.74 287.687995  46.439798  8.614
 26     7.556 53127.64278694 11.93 287.686735  46.436548  8.614
 26     7.851 53127.64278759 11.99 287.685465  46.433298  8.614
 26     5.991 53127.64278823 12.43 287.684195  46.430048  8.614
 26     5.743 53127.64278888 12.52 287.682925  46.426798  8.614
 26     6.071 53127.64278952 12.52 287.681655  46.423548  8.614
 26     4.194 53127.64279017 13.20 287.680395  46.420308  8.614
 26     4.466 53127.64279081 13.54 287.679125  46.417058  8.614
 26     4.797 53127.64279146 13.76 287.677855  46.413808  8.614
 26     5.755 53127.64279210 15.21 287.676585  46.410558  8.614
 26     5.760 53127.64279275 16.79 287.675325  46.407308  8.614
 26     6.253 53127.64279339 17.60 287.674055  46.404058  8.614
 26     6.392 53127.64279404 19.44 287.672785  46.400808  8.614
 28     2.624 53197.64285081 35.04 287.681564  46.439860 23.022
 28     3.213 53197.64285146 34.64 287.680304  46.436620 23.022
 28     3.558 53197.64285210 38.89 287.679034  46.433370 23.022
 28     3.211 53197.64285275 42.92 287.677764  46.430120 23.022
 28     3.658 53197.64285339 47.36 287.676494  46.426870 23.022
 28     3.555 53197.64285404 49.70 287.675234  46.423620 23.022
 28     3.394 53197.64285468 48.62 287.673964  46.420370 23.022
 28     3.386 53197.64285533 48.52 287.672694  46.417120 23.022
 28     3.484 53197.64285597 36.80 287.671434  46.413870 23.022
 28     3.400 53197.64285661 34.19 287.670164  46.410620 23.022
 28     3.311 53197.64285726 33.20 287.668894  46.407370 23.022
 28     3.362 53197.64285790 34.45 287.667629  46.404131 20.841
 28     3.336 53197.64285855 49.45 287.666369  46.400881 20.841
 29     3.175 53232.64282772 25.19 287.685210  46.439378 18.806
 29     3.296 53232.64282837 25.97 287.683940  46.436128 18.806
 29     3.479 53232.64282901 26.64 287.682680  46.432878 18.806
 29     3.573 53232.64282965 27.33 287.681410  46.429628 18.806
 29     3.627 53232.64283030 27.40 287.680140  46.426378 18.806
 29     3.686 53232.64283094 27.69 287.678880  46.423128 18.806
 29     3.696 53232.64283159 27.95 287.677610  46.419878 18.806
 29     3.588 53232.64283223 29.36 287.676340  46.416628 18.806
 29     3.422 53232.64283288 29.60 287.675080  46.413378 18.806
 29     3.442 53232.64283352 35.03 287.673810  46.410138 18.806
 29     3.576 53232.64283417 35.65 287.672540  46.406888 18.806
 29     3.875 53232.64283481 42.14 287.671280  46.403638 18.806
 29     3.879 53232.64283546 50.95 287.670010  46.400388 18.806
 30     6.678 53267.64279645 14.51 287.670816  46.440239  9.090
 30     6.163 53267.64279710 14.88 287.669556  46.436989  9.090
 30     3.082 53267.64279774 16.12 287.668286  46.433739  9.090
 30     2.369 53267.64279838 17.25 287.667016  46.430489  9.090
 30    -1.426 53267.64279903 19.08 287.665756  46.427239  9.090
 30    -0.663 53267.64279967 19.46 287.664486  46.423989  9.090
 30     0.591 53267.64280032 20.97 287.663216  46.420739  9.090
 30     1.555 53267.64280096 19.96 287.661956  46.417489  9.090
 30     2.799 53267.64280161 18.59 287.660686  46.414239  9.090
 30     3.079 53267.64280225 17.99 287.659426  46.410989  9.090
 30     3.195 53267.64280290 19.72 287.658156  46.407749  9.090
 30     3.683 53267.64280354 21.19 287.656896  46.404499  9.090
 30     3.629 53267.64280419 24.83 287.655626  46.401249  9.090
 30     3.520 53267.64280483 39.12 287.654366  46.397999  9.090
 31     8.262 53302.64285184 15.18 287.675635  46.440292 13.100
 31     2.006 53302.64285249 16.03 287.674366  46.437037 12.997
 31     2.689 53302.64285313 16.29 287.673096  46.433787 12.997
 31     2.278 53302.64285378 17.96 287.671826  46.430547 12.997
 31    -0.884 53302.64285442 20.65 287.670566  46.427297 12.997
 31    -0.364 53302.64285507 23.18 287.669296  46.424047 12.997
 31     0.437 53302.64285571 23.16 287.668026  46.420797 12.997
 31     1.183 53302.64285636 22.47 287.666766  46.417547 12.997
 31     2.194 53302.64285700 22.19 287.665496  46.414297 12.997
 31     2.580 53302.64285764 23.87 287.664226  46.411047 12.997
 31     3.124 53302.64285829 21.77 287.662956  46.407797 12.997
 31     3.438 53302.64285893 22.02 287.661696  46.404547 12.997
 31     4.111 53302.64285958 28.66 287.660426  46.401307 12.997
 32     8.477 53337.64282144 15.21 287.678269  46.441448 11.547
 32     8.012 53337.64282209 16.46 287.676999  46.438198 11.547
 32    -0.262 53337.64282273 18.11 287.675735  46.434941 15.051
 32    -2.804 53337.64282337 19.40 287.674465  46.431701 15.051
 32    -2.170 53337.64282402 21.57 287.673205  46.428451 15.051
 32    -1.259 53337.64282466 22.00 287.671935  46.425201 15.051
 32     0.317 53337.64282531 23.01 287.670665  46.421951 15.051
 32     1.275 53337.64282595 22.23 287.669405  46.418701 15.051
 32     1.800 53337.64282660 27.23 287.668135  46.415451 15.051
 32     2.202 53337.64282724 28.34 287.666865  46.412201 15.051
 32     3.048 53337.64282789 26.32 287.665605  46.408951 15.051
 32     3.355 53337.64282853 25.77 287.664335  46.405701 15.051
 32     3.724 53337.64282918 30.93 287.663075  46.402461 15.051
 33     3.206 53372.64275603 42.32 287.675914  46.442005  6.428
 33     3.732 53372.64275667 44.38 287.674644  46.438755  6.428
 33     3.580 53372.64275732 38.36 287.673374  46.435515  6.428
 33     3.016 53372.64275796 34.33 287.672104  46.432265  8.401
 33     2.878 53372.64275860 32.61 287.670844  46.429015  8.401
 33     2.741 53372.64275925 32.85 287.669574  46.425765  8.401
 33     2.781 53372.64275989 33.12 287.668314  46.422515  8.401
 33     2.811 53372.64276054 33.72 287.667044  46.419265  8.401
 33     2.732 53372.64276118 33.05 287.665784  46.416015  8.401
 33     2.715 53372.64276183 33.94 287.664514  46.412765  8.401
 33     2.769 53372.64276247 32.80 287.663244  46.409515  8.401
 33     2.850 53372.64276312 31.13 287.661984  46.406265  8.401
 33     2.979 53372.64276376 29.81 287.660714  46.403015  8.401
 34     3.781 53407.64279411 45.72 287.685780  46.441925  7.814
 34     3.208 53407.64279475 51.05 287.684510  46.438675  7.814
 34     3.642 53407.64279540 51.46 287.683246  46.435419 10.191
 34     3.352 53407.64279604 45.71 287.681976  46.432169 10.191
 34     3.138 53407.64279668 31.09 287.680706  46.428929 10.191
 34     2.869 53407.64279733 27.05 287.679436  46.425679 10.191
 34     2.685 53407.64279797 24.52 287.678176  46.422429 10.191
 34     2.889 53407.64279862 24.78 287.676906  46.419179 10.191
 34     3.007 53407.64279926 25.24 287.675636  46.415929 10.191
 34     3.074 53407.64279991 25.37 287.674376  46.412679 10.191
 34     3.222 53407.64280055 24.44 287.673106  46.409429 10.191
 34     3.391 53407.64280120 24.78 287.671836  46.406179 10.191
 34     3.568 53407.64280184 29.01 287.670576  46.402939 10.191
 34     3.798 53407.64280249 25.63 287.669306  46.399689 10.191
 35     4.540 53442.64277961 44.63 287.673722  46.441481  6.874
 35     4.559 53442.64278025 42.50 287.672452  46.438241  6.874
 35     4.072 53442.64278090 45.03 287.671190  46.434991 16.105
 35     4.151 53442.64278154 37.66 287.669920  46.431741 16.105
 35     4.032 53442.64278219 33.71 287.668650  46.428491 16.105
 35     3.997 53442.64278283 31.58 287.667390  46.425241 16.105
 35     4.172 53442.64278347 31.51 287.666120  46.421991 16.105
 35     4.345 53442.64278412 30.29 287.664860  46.418741 16.105
 35     4.273 53442.64278476 31.06 287.663590  46.415491 16.105
 35     4.220 53442.64278541 31.75 287.662320  46.412241 16.105
 35     4.387 53442.64278605 33.79 287.661060  46.408991 16.105
 35     4.523 53442.64278670 37.96 287.659790  46.405751 16.105
 35     4.235 53442.64278734 37.81 287.658530  46.402501 16.105
 36     8.258 53477.64285195 19.65 287.677196  46.439239 10.669
 36     7.374 53477.64285259 20.40 287.675926  46.435999 10.669
 36     3.982 53477.64285324 20.66 287.674666  46.432749 10.669
 36     3.772 53477.64285388 19.81 287.673396  46.429499 10.669
 36     3.664 53477.64285453 20.65 287.672126  46.426249 10.669
 36     3.438 53477.64285517 20.43 287.670866  46.422999 10.669
 36     3.084 53477.64285582 20.85 287.669596  46.419749 10.669
 36     3.370 53477.64285646 20.49 287.668326  46.416499 10.669
 36     3.868 53477.64285711 20.10 287.667056  46.413249 10.669
 36     4.191 53477.64285775 20.87 287.665796  46.410009 10.669
 36     4.723 53477.64285840 22.60 287.664526  46.406759 10.669
 36     5.384 53477.64285904 25.32 287.663256  46.403509 10.669
 37     9.682 53512.64286266 10.01 287.680055  46.440254 11.919
 37     9.028 53512.64286331  9.66 287.678794  46.436995  7.801
 37     8.511 53512.64286395 10.27 287.677524  46.433755  7.801
 37     8.266 53512.64286460 10.34 287.676254  46.430505  7.801
 37     7.288 53512.64286524 10.85 287.674984  46.427255  7.801
 37     5.515 53512.64286589 11.83 287.673724  46.424005  7.801
 37     5.969 53512.64286653 12.20 287.672454  46.420755  7.801
 37     4.691 53512.64286718 13.18 287.671184  46.417505  7.801
 37     4.169 53512.64286782 14.33 287.669924  46.414255  7.801
 37     4.521 53512.64286847 15.74 287.668654  46.411005  7.801
 37     4.803 53512.64286911 17.98 287.667384  46.407755  7.801
 37     5.084 53512.64286976 20.67 287.666124  46.404505  7.801
 37     5.601 53512.64287040 23.24 287.664854  46.401265  7.801
 38     2.631 53547.64288087 24.60 287.672952  46.440029 17.867
 38     3.074 53547.64288152 25.29 287.671692  46.436779 17.867
 38     3.165 53547.64288216 27.69 287.670422  46.433529 17.867
 38     2.671 53547.64288281 30.90 287.669152  46.430279 17.867
 38     3.631 53547.64288345 47.82 287.667892  46.427029 17.867
 38     3.460 53547.64288410 51.94 287.666622  46.423779 17.867
 38     3.609 53547.64288474 39.36 287.665352  46.420529 17.867
 38     3.447 53547.64288539 51.12 287.664092  46.417279 17.867
 38     3.463 53547.64288603 36.89 287.662822  46.414029 17.867
 38     2.988 53547.64288668 24.65 287.661552  46.410779 17.867
 38     2.896 53547.64288732 23.12 287.660292  46.407539 17.867
 38     3.159 53547.64288796 24.66 287.659022  46.404289 17.867
 38     3.520 53547.64288861 26.81 287.657762  46.401039 17.867
 39     2.215 53582.64284917 20.14 287.678395  46.441907  8.989
 39     2.507 53582.64284982 21.18 287.677125  46.438667  8.989
 39     2.643 53582.64285046 23.77 287.675865  46.435417  8.989
 39     2.998 53582.64285111 28.26 287.674595  46.432169 26.470
 39     3.058 53582.64285175 46.12 287.673325  46.428919 26.470
 39     3.274 53582.64285240 52.01 287.672065  46.425669 26.470
 39     3.316 53582.64285304 52.71 287.670795  46.422419 26.470
 39     3.011 53582.64285369 47.09 287.669525  46.419169 26.470
 39     2.853 53582.64285433 51.72 287.668265  46.415919 26.470
 39     3.190 53582.64285498 47.08 287.666995  46.412669 26.470
 39     2.603 53582.64285562 41.99 287.665735  46.409419 26.470
 39     2.711 53582.64285627 48.06 287.664465  46.406169 26.470
 39     2.828 53582.64285691 36.93 287.663195  46.402919 26.470
 40    11.772 53617.64280526 14.36 287.670211  46.440904 14.545
 40     6.377 53617.64280590 16.25 287.668941  46.437664 14.545
 40     5.647 53617.64280655 15.96 287.667679  46.434414  8.054
 40     3.021 53617.64280719 17.52 287.666409  46.431164  8.054
 40     2.839 53617.64280784 19.23 287.665139  46.427914  8.054
 40    -1.094 53617.64280848 22.46 287.663879  46.424664  8.054
 40     0.013 53617.64280913 22.31 287.662609  46.421414  8.054
 40     0.961 53617.64280977 23.64 287.661349  46.418164  8.054
 40     2.541 53617.64281042 19.98 287.660079  46.414914  8.054
 40     3.113 53617.64281106 18.23 287.658809  46.411664  8.054
 40     3.204 53617.64281171 18.20 287.657549  46.408414  8.054
 40     3.426 53617.64281235 18.93 287.656279  46.405164  8.054
 40     3.481 53617.64281300 22.60 287.655019  46.401924  8.054
 40     3.798 53617.64281364 26.67 287.653749  46.398674  8.054
 41     8.821 53652.64282439 12.32 287.682699  46.439828 23.605
 41     7.704 53652.64282503 12.74 287.681429  46.436588 23.605
 41     3.254 53652.64282568 13.95 287.680159  46.433338 23.605
 41     2.354 53652.64282632 15.31 287.678899  46.430088 23.605
 41     2.291 53652.64282696 16.63 287.677629  46.426838 23.605
 41     0.983 53652.64282761 18.22 287.676359  46.423588 23.605
 41     1.215 53652.64282825 20.63 287.675089  46.420338 23.605
 41     1.935 53652.64282890 24.63 287.673829  46.417088 23.605
 41     2.005 53652.64282954 30.20 287.672559  46.413838 23.605
 41     2.483 53652.64283019 31.37 287.671289  46.410588 23.605
 41     2.701 53652.64283083 31.08 287.670029  46.407348 23.605
 41     3.151 53652.64283148 27.97 287.668759  46.404098 23.605
 41     3.449 53652.64283212 39.45 287.667489  46.400848 23.605
 42     8.673 53687.64282636 14.84 287.675682  46.440514 12.209
 42     7.843 53687.64282700 15.55 287.674412  46.437274 12.209
 42     2.849 53687.64282765 17.61 287.673147  46.434017 11.397
 42    -2.575 53687.64282829 19.53 287.671887  46.430767 11.397
 42    -1.701 53687.64282894 20.32 287.670617  46.427527 11.397
 42    -0.941 53687.64282958 22.35 287.669347  46.424277 11.397
 42     0.281 53687.64283023 23.28 287.668077  46.421027 11.397
 42     1.295 53687.64283087 22.98 287.666817  46.417777 11.397
 42     2.045 53687.64283152 21.60 287.665547  46.414527 11.397
 42     3.200 53687.64283216 20.03 287.664287  46.411277 11.397
 42     3.523 53687.64283281 20.73 287.663017  46.408027 11.397
 42     5.184 53687.64283345 21.52 287.661747  46.404777 11.397
 42     3.980 53687.64283410 28.28 287.660487  46.401527 11.397
 43     3.469 53722.64275187 44.32 287.675534  46.439076  8.769
 43     3.260 53722.64275252 42.37 287.674264  46.435836  8.769
 43     3.212 53722.64275316 42.64 287.673003  46.432586 16.844
 43     3.135 53722.64275381 33.96 287.671733  46.429336 16.844
 43     2.799 53722.64275445 31.76 287.670463  46.426086 16.844
 43     2.682 53722.64275509 30.68 287.669203  46.422836 16.844
 43     3.140 53722.64275574 33.22 287.667933  46.419586 16.844
 43     3.152 53722.64275638 35.31 287.666663  46.416336 16.844
 43     3.179 53722.64275703 40.93 287.665403  46.413086 16.844
 43     3.273 53722.64275767 46.53 287.664133  46.409836 16.844
 43     3.023 53722.64275832 37.59 287.662873  46.406586 16.844
 43     2.968 53722.64275896 32.07 287.661603  46.403336 16.844
 44     3.846 53757.64268536 46.26 287.693332  46.442055  6.784
 44     3.683 53757.64268600 49.38 287.692061  46.438800 29.642
 44     3.809 53757.64268665 47.53 287.690791  46.435550 29.642
 44     3.688 53757.64268729 42.99 287.689521  46.432310 29.642
 44     3.892 53757.64268794 50.55 287.688261  46.429060 29.642
 44     3.826 53757.64268858 51.51 287.686991  46.425810 29.642
 44     3.758 53757.64268923 50.98 287.685721  46.422560 29.642
 44     3.714 53757.64268987 41.98 287.684451  46.419310 29.642
 44     3.695 53757.64269052 46.62 287.683191  46.416060 29.642
 44     3.818 53757.64269116 46.37 287.681921  46.412810 29.642
 44     3.907 53757.64269181 44.11 287.680651  46.409560 29.642
 44     3.873 53757.64269245 40.39 287.679391  46.406320 29.642
 44     3.890 53757.64269310 38.88 287.678121  46.403070 29.642
 44     3.754 53757.64269374 30.69 287.676851  46.399820 29.642
 45     3.655 53792.64270940 40.80 287.682633  46.441508  6.999
 45     3.667 53792.64271005 42.63 287.681373  46.438258  6.999
 45     3.346 53792.64271069 40.36 287.680100  46.435000 21.534
 45     3.586 53792.64271134 33.59 287.678830  46.431760 21.534
 45     3.769 53792.64271198 35.37 287.677570  46.428510 21.534
 45     3.676 53792.64271263 41.32 287.676300  46.425260 21.534
 45     3.697 53792.64271327 38.86 287.675030  46.422010 21.534
 45     3.757 53792.64271392 31.80 287.673770  46.418760 21.534
 45     3.670 53792.64271456 38.54 287.672500  46.415510 21.534
 45     3.723 53792.64271521 39.81 287.671230  46.412260 21.534
 45     3.659 53792.64271585 43.71 287.669970  46.409010 21.534
 45     3.721 53792.64271650 40.79 287.668700  46.405760 21.534
 45     3.514 53792.64271714 37.75 287.667440  46.402520 21.534
 45     3.574 53792.64271779 41.35 287.666170  46.399270 21.534
 46     9.206 53827.64267612 24.88 287.692069  46.441646 15.646
 46     9.135 53827.64267677 19.93 287.690809  46.438396 15.646
 46     8.849 53827.64267741 16.95 287.689539  46.435156 15.646
 46     8.088 53827.64267806 16.27 287.688269  46.431906 15.646
 46     7.375 53827.64267870 15.91 287.687001  46.428650  8.759
 46     6.559 53827.64267934 15.73 287.685731  46.425400  8.759
 46     4.749 53827.64267999 16.08 287.684461  46.422160  8.759
 46     4.462 53827.64268063 16.97 287.683201  46.418910  8.759
 46     5.085 53827.64268128 17.46 287.681931  46.415660  8.759
 46     5.920 53827.64268192 18.44 287.680661  46.412410  8.759
 46     6.477 53827.64268257 20.41 287.679391  46.409160  8.759
 46     7.451 53827.64268321 21.55 287.678131  46.405910  8.759
 46     7.415 53827.64268386 23.71 287.676861  46.402660  8.759
 46     7.334 53827.64268450 29.00 287.675591  46.399410  8.759
 47     9.221 53862.64276262 13.83 287.680087  46.440063 12.607
 47     8.762 53862.64276326 13.61 287.678827  46.436813 12.607
 47     6.969 53862.64276391 15.39 287.677557  46.433563 12.607
 47     6.377 53862.64276455 15.07 287.676287  46.430323 12.607
 47     5.580 53862.64276520 14.40 287.675017  46.427073 12.607
 47     3.861 53862.64276584 15.69 287.673750  46.423815 11.821
 47     3.961 53862.64276648 15.64 287.672490  46.420575 11.821
 47     3.987 53862.64276713 15.61 287.671220  46.417325 11.821
 47     4.251 53862.64276777 16.52 287.669950  46.414075 11.821
 47     4.982 53862.64276842 17.04 287.668690  46.410825 11.821
 47     5.639 53862.64276906 17.01 287.667420  46.407575 11.821
 47     6.106 53862.64276971 20.20 287.666150  46.404325 11.821
 47     4.846 53862.64277035 28.81 287.664890  46.401075 11.821
 48     8.223 53897.64278439 17.02 287.683146  46.441918 11.361
 48     9.304 53897.64278503 15.46 287.681876  46.438678 11.361
 48     7.031 53897.64278568 16.23 287.680606  46.435428 11.361
 48     6.179 53897.64278632 15.89 287.679346  46.432178 11.361
 48     3.708 53897.64278697 16.49 287.678076  46.428928 11.361
 48     4.109 53897.64278761 16.49 287.676806  46.425678 11.361
 48     4.089 53897.64278826 17.20 287.675536  46.422428 11.361
 48     3.887 53897.64278890 16.86 287.674276  46.419178 11.361
 48     4.355 53897.64278955 16.11 287.673006  46.415928 11.361
 48     5.120 53897.64279019 16.01 287.671736  46.412678 11.361
 48     5.761 53897.64279083 15.96 287.670476  46.409438 11.361
 48     6.418 53897.64279148 16.99 287.669206  46.406188 11.361
 48     6.569 53897.64279212 19.13 287.667936  46.402938 11.361
 48     5.783 53897.64279277 29.50 287.666676  46.399688 11.361
 49     1.567 53932.64283269 34.05 287.669901  46.440917  7.570
 49     2.303 53932.64283334 29.43 287.668631  46.437667  7.570
 49     2.591 53932.64283398 29.28 287.667361  46.434417  7.570
 49     2.830 53932.64283463 29.88 287.666091  46.431167  7.570
 49     2.919 53932.64283527 43.78 287.664831  46.427917  7.570
 49     3.100 53932.64283592 51.62 287.663561  46.424677 22.389
 49     3.151 53932.64283656 53.24 287.662291  46.421427 22.389
 49     3.164 53932.64283721 50.93 287.661031  46.418177 22.389
 49     3.137 53932.64283785 45.82 287.659761  46.414927 22.389
 49     3.037 53932.64283850 52.32 287.658491  46.411677 22.389
 49     2.977 53932.64283914 48.60 287.657231  46.408427 22.389
 49     2.864 53932.64283978 47.75 287.655961  46.405177 22.389
 49     3.055 53932.64284043 45.48 287.654701  46.401927 22.389
 49     2.950 53932.64284107 42.92 287.653431  46.398677 22.389
 50     2.703 53967.64280690 18.82 287.671230  46.439107 16.234
 50     3.060 53967.64280754 21.38 287.669960  46.435857 16.234
 50     2.984 53967.64280819 24.17 287.668690  46.432607 16.234
 50     3.328 53967.64280883 28.75 287.667430  46.429357 16.234
 50     3.180 53967.64280948 28.92 287.666160  46.426107 16.234
 50     3.027 53967.64281012 30.78 287.664890  46.422867 16.234
 50     2.527 53967.64281077 28.22 287.663629  46.419608 11.274
 50     2.634 53967.64281141 21.46 287.662359  46.416368 11.274
 50     2.175 53967.64281205 21.70 287.661089  46.413118 11.274
 50     2.439 53967.64281270 20.17 287.659829  46.409868 11.274
 50     2.965 53967.64281334 21.17 287.658559  46.406618 11.274
 50     3.287 53967.64281399 26.86 287.657299  46.403368 11.274
 50     3.271 53967.64281463 34.27 287.656029  46.400118 11.274
 51    10.579 54002.64277214 13.35 287.691640  46.441674 11.418
 51     9.945 54002.64277278 14.67 287.690370  46.438424 11.418
 51     3.674 54002.64277343 14.66 287.689100  46.435174 11.418
 51     4.092 54002.64277407 15.79 287.687840  46.431934 11.418
 51     3.197 54002.64277472 16.63 287.686570  46.428684 11.418
 51     2.990 54002.64277536 16.98 287.685301  46.425437 17.979
 51     3.275 54002.64277600 17.75 287.684031  46.422187 17.979
 51     3.311 54002.64277665 17.55 287.682761  46.418937 17.979
 51     3.117 54002.64277729 19.29 287.681501  46.415687 17.979
 51     3.327 54002.64277794 21.30 287.680231  46.412437 17.979
 51     3.538 54002.64277858 20.89 287.678961  46.409187 17.979
 51     3.702 54002.64277923 23.48 287.677701  46.405937 17.979
 51     3.706 54002.64277987 31.79 287.676431  46.402687 17.979
 51     3.631 54002.64278052 45.99 287.675161  46.399437 17.979
 52     9.874 54037.64281003 19.73 287.685231  46.439938 12.927
 52     9.803 54037.64281068 15.77 287.683971  46.436688 12.927
 52     8.926 54037.64281132 15.51 287.682701  46.433438 12.927
 52     7.976 54037.64281196 16.33 287.681431  46.430188 12.927
 52     5.918 54037.64281261 17.33 287.680161  46.426948 12.927
 52     6.581 54037.64281325 17.40 287.678901  46.423698 12.927
 52     5.801 54037.64281390 18.05 287.677629  46.420442  7.270
 52     4.706 54037.64281454 19.27 287.676359  46.417192  7.270
 52     5.181 54037.64281519 20.21 287.675099  46.413952  7.270
 52     6.234 54037.64281583 20.08 287.673829  46.410702  7.270
 52     6.529 54037.64281648 22.15 287.672559  46.407452  7.270
 52     6.938 54037.64281712 23.63 287.671299  46.404202  7.270
 52     7.708 54037.64281777 25.54 287.670029  46.400952  7.270
 53     4.432 54072.64280470 23.73 287.680515  46.440052  5.385
 53     4.416 54072.64280534 24.31 287.679245  46.436802  5.385
 53     4.307 54072.64280599 25.08 287.677975  46.433552  5.385
 53     4.175 54072.64280663 25.68 287.676705  46.430302  5.385
 53     4.059 54072.64280728 26.87 287.675445  46.427062  5.385
 53     4.013 54072.64280792 27.38 287.674175  46.423812  5.385
 53     4.068 54072.64280857 28.69 287.672911  46.420554  8.875
 53     4.009 54072.64280921 29.31 287.671641  46.417314  8.875
 53     4.235 54072.64280986 28.68 287.670371  46.414064  8.875
 53     4.111 54072.64281050 29.87 287.669111  46.410814  8.875
 53     4.333 54072.64281115 29.95 287.667841  46.407564  8.875
 53     4.511 54072.64281179 31.10 287.666581  46.404314  8.875
 53     4.677 54072.64281244 32.62 287.665311  46.401064  8.875
 54    10.208 54107.64275348 22.35 287.671651  46.441338  9.855
 54     9.733 54107.64275412 18.06 287.670381  46.438088  9.855
 54     9.295 54107.64275477 16.06 287.669111  46.434838  9.855
 54     9.085 54107.64275541 13.72 287.667851  46.431588  9.855
 54     8.353 54107.64275606 13.80 287.666581  46.428338  9.855
 54     7.256 54107.64275670 14.62 287.665311  46.425088  9.855
 54     6.159 54107.64275735 15.75 287.664051  46.421838  9.855
 54     3.539 54107.64275799 16.86 287.662782  46.418596  8.825
 54     3.621 54107.64275863 17.51 287.661522  46.415346  8.825
 54     4.081 54107.64275928 17.67 287.660252  46.412096  8.825
 54     4.397 54107.64275992 19.61 287.658982  46.408846  8.825
 54     4.406 54107.64276057 21.07 287.657722  46.405596  8.825
 54     4.934 54107.64276121 23.25 287.656452  46.402346  8.825
 54     4.357 54107.64276186 28.51 287.655192  46.399096  8.825
 55     3.092 54142.64273949 47.05 287.683225  46.440296 12.677
 55     3.577 54142.64274014 46.90 287.681955  46.437046 12.677
 55     3.004 54142.64274078 49.41 287.680685  46.433796 12.677
 55     3.297 54142.64274143 39.79 287.679415  46.430556 12.677
 55     2.854 54142.64274207 29.78 287.678145  46.427306 12.677
 55     2.477 54142.64274272 27.37 287.676878  46.424058  8.903
 55     2.144 54142.64274336 27.84 287.675618  46.420808  8.903
 55     2.052 54142.64274400 27.09 287.674348  46.417558  8.903
 55     2.085 54142.64274465 28.32 287.673078  46.414308  8.903
 55     2.459 54142.64274529 26.92 287.671808  46.411058  8.903
 55     2.728 54142.64274594 25.94 287.670548  46.407808  8.903
 55     2.797 54142.64274658 29.48 287.669278  46.404558  8.903
 55     3.013 54142.64274723 37.97 287.668018  46.401308  8.903
 55     2.918 54142.64274787 29.45 287.666748  46.398058  8.903
 56     4.439 54177.64273650 39.98 287.674528  46.439899 15.463
 56     4.451 54177.64273715 44.41 287.673258  46.436659 15.463
 56     4.312 54177.64273779 41.86 287.671998  46.433409 15.463
 56     4.504 54177.64273844 36.59 287.670728  46.430159 15.463
 56     4.277 54177.64273908 34.16 287.669458  46.426909 15.463
 56     3.977 54177.64273973 29.94 287.668198  46.423659 15.463
 56     3.747 54177.64274037 28.71 287.666928  46.420409 15.463
 56     3.793 54177.64274102 26.65 287.665668  46.417159 15.463
 56     4.185 54177.64274166 26.32 287.664398  46.413909 15.463
 56     4.259 54177.64274231 35.28 287.663128  46.410659 15.463
 56     4.363 54177.64274295 30.45 287.661868  46.407419 15.463
 56     4.129 54177.64274360 27.83 287.660598  46.404169 15.463
 56     4.255 54177.64274424 28.87 287.659338  46.400919 15.463
 57     7.750 54212.64274672 23.10 287.681634  46.440730  9.527
 57     4.540 54212.64274737 23.52 287.680364  46.437480  9.527
 57     4.363 54212.64274801 24.30 287.679104  46.434230  9.527
 57     4.453 54212.64274866 24.82 287.677834  46.430980  9.527
 57     4.546 54212.64274930 25.61 287.676564  46.427730  9.527
 57     4.459 54212.64274995 26.30 287.675304  46.424480  9.527
 57     4.463 54212.64275059 26.61 287.674034  46.421230  9.527
 57     4.401 54212.64275123 27.44 287.672764  46.417980  9.527
 57     4.327 54212.64275188 28.09 287.671494  46.414730  9.527
 57     4.270 54212.64275252 28.57 287.670234  46.411490  9.527
 57     4.349 54212.64275317 28.96 287.668964  46.408240  9.527
 57     4.479 54212.64275381 28.95 287.667694  46.404990  9.527
 57     4.707 54212.64275446 30.05 287.666434  46.401740  9.527
 57     6.004 54212.64275510 33.45 287.665164  46.398490  9.527
 58     7.960 54247.64277572 11.34 287.680571  46.439232 16.379
 58     7.167 54247.64277636 11.31 287.679301  46.435992 16.379
 58     6.223 54247.64277701 11.77 287.678031  46.432742 16.379
 58     3.453 54247.64277765 12.71 287.676761  46.429492 16.379
 58     3.581 54247.64277830 12.93 287.675501  46.426242 16.379
 58     3.420 54247.64277894 13.97 287.674231  46.422992 16.379
 58     3.225 54247.64277959 14.41 287.672961  46.419742 16.379
 58     3.260 54247.64278023 15.15 287.671701  46.416492 16.379
 58     3.825 54247.64278088 16.07 287.670431  46.413242 16.379
 58     4.339 54247.64278152 16.61 287.669161  46.409992 16.379
 58     3.167 54247.64278217 21.28 287.667901  46.406742 16.379
 58     3.328 54247.64278281 27.70 287.666631  46.403502 16.379
 58     5.350 54247.64278346 32.02 287.665361  46.400252 16.379
 60     2.097 54317.64278278 19.85 287.681331  46.442250  8.282
 60     2.131 54317.64278342 27.16 287.680063  46.438993 37.999
 60     2.644 54317.64278407 23.45 287.678803  46.435753 37.999
 60     3.023 54317.64278471 33.29 287.677533  46.432503 37.999
 60     3.110 54317.64278536 45.37 287.676263  46.429253 37.999
 60     3.068 54317.64278600 53.27 287.675003  46.426003 37.999
 60     3.043 54317.64278665 51.14 287.673733  46.422753 37.999
 60     2.976 54317.64278729 50.31 287.672463  46.419503 37.999
 60     2.766 54317.64278794 51.76 287.671203  46.416253 37.999
 60     2.814 54317.64278858 48.01 287.669933  46.413003 37.999
 60     2.543 54317.64278923 34.30 287.668663  46.409753 37.999
 60     2.669 54317.64278987 47.56 287.667403  46.406503 37.999
 60     2.684 54317.64279052 44.36 287.666133  46.403263 37.999
 60     4.269 54317.64279116 31.90 287.664873  46.400013 37.999
 61    11.546 54352.64274886 11.70 287.676089  46.439935 14.453
 61     2.967 54352.64274951 13.28 287.674820  46.436685 18.817
 61     3.134 54352.64275015 16.61 287.673550  46.433435 18.817
 61     3.193 54352.64275080 27.82 287.672290  46.430185 18.817
 61     3.492 54352.64275144 37.12 287.671020  46.426935 18.817
 61     2.884 54352.64275209 25.77 287.669750  46.423685 18.817
 61     2.990 54352.64275273 19.54 287.668490  46.420435 18.817
 61     2.655 54352.64275338 18.57 287.667220  46.417185 18.817
 61     2.000 54352.64275402 21.94 287.665960  46.413935 18.817
 61     2.320 54352.64275467 24.25 287.664690  46.410685 18.817
 61     2.626 54352.64275531 29.90 287.663420  46.407445 18.817
 61     2.867 54352.64275596 28.98 287.662160  46.404195 18.817
 62     3.099 54387.64272270 34.91 287.682733  46.441073  9.779
 62     3.025 54387.64272335 25.22 287.681463  46.437823  9.779
 62     2.736 54387.64272399 23.17 287.680193  46.434583  9.779
 62     2.503 54387.64272464 23.11 287.678925  46.431326 20.256
 62     1.772 54387.64272528 24.67 287.677665  46.428086 20.256
 62     1.028 54387.64272593 24.95 287.676395  46.424836 20.256
 62     0.244 54387.64272657 25.95 287.675125  46.421586 20.256
 62     1.396 54387.64272722 22.65 287.673865  46.418336 20.256
 62     1.774 54387.64272786 22.96 287.672595  46.415086 20.256
 62     2.282 54387.64272850 23.75 287.671325  46.411836 20.256
 62     2.648 54387.64272915 24.59 287.670065  46.408586 20.256
 62     2.881 54387.64272979 29.50 287.668795  46.405336 20.256
 62     3.098 54387.64273044 33.74 287.667525  46.402086 20.256
 62     3.188 54387.64273108 45.21 287.666265  46.398846 20.256
 63     8.901 54422.64269851 15.69 287.677036  46.441638 11.018
 63     3.893 54422.64269916 16.18 287.675766  46.438388 11.018
 63     3.674 54422.64269980 16.65 287.674506  46.435138 11.018
 63     3.499 54422.64270045 18.70 287.673236  46.431888 11.018
 63     4.150 54422.64270109 25.74 287.671971  46.428639 17.333
 63     4.228 54422.64270174 24.76 287.670701  46.425399 17.333
 63     3.756 54422.64270238 30.18 287.669431  46.422149 17.333
 63     4.150 54422.64270302 34.61 287.668171  46.418899 17.333
 63     3.814 54422.64270367 31.28 287.666901  46.415649 17.333
 63     3.538 54422.64270431 30.32 287.665641  46.412399 17.333
 63     3.494 54422.64270496 29.09 287.664371  46.409149 17.333
 63     2.567 54422.64270560 30.50 287.663101  46.405899 17.333
 63     2.924 54422.64270625 28.80 287.661841  46.402649 17.333
 64     3.213 54457.64269630 33.55 287.687143  46.442221  8.395
 64     3.374 54457.64269695 36.09 287.685883  46.438981  8.395
 64     3.278 54457.64269759 38.88 287.684613  46.435731  8.395
 64     3.100 54457.64269824 29.05 287.683346  46.432475  5.456
 64     2.605 54457.64269888 24.81 287.682076  46.429225  5.456
 64     2.255 54457.64269953 22.65 287.680806  46.425985  5.456
 64     1.702 54457.64270017 21.56 287.679546  46.422735  5.456
 64     1.982 54457.64270081 19.43 287.678276  46.419485  5.456
 64     2.520 54457.64270146 19.09 287.677006  46.416235  5.456
 64     2.549 54457.64270210 19.42 287.675736  46.412985  5.456
 64     2.649 54457.64270275 18.72 287.674476  46.409735  5.456
 64     2.800 54457.64270339 17.96 287.673206  46.406485  5.456
 64     5.035 54457.64270404 16.95 287.671936  46.403235  5.456
 64     5.770 54457.64270468 15.53 287.670676  46.399985  5.456
 65     3.647 54492.64270171 43.56 287.678007  46.439753  7.595
 65     3.611 54492.64270236 43.23 287.676735  46.436495  7.947
 65     3.381 54492.64270300 41.67 287.675465  46.433255  7.947
 65     3.195 54492.64270365 29.64 287.674205  46.430005  7.947
 65     2.678 54492.64270429 26.39 287.672935  46.426755  7.947
 65     2.327 54492.64270494 22.87 287.671665  46.423505  7.947
 65     2.015 54492.64270558 23.02 287.670405  46.420255  7.947
 65     2.161 54492.64270623 21.63 287.669135  46.417005  7.947
 65     2.600 54492.64270687 20.74 287.667875  46.413755  7.947
 65     2.787 54492.64270752 19.35 287.666605  46.410505  7.947
 65     2.969 54492.64270816 18.93 287.665335  46.407265  7.947
 65     4.591 54492.64270881 17.70 287.664075  46.404015  7.947
 65     5.448 54492.64270945 16.92 287.662805  46.400765  7.947
 66     3.434 54527.64270920 45.60 287.685430  46.441853 12.693
 66     3.603 54527.64270984 45.67 287.684170  46.438613 12.693
 66     3.643 54527.64271049 41.88 287.682900  46.435363 12.693
 66     3.506 54527.64271113 34.23 287.681630  46.432113 12.693
 66     2.982 54527.64271178 31.45 287.680360  46.428863 12.693
 66     2.920 54527.64271242 27.86 287.679100  46.425613 12.693
 66     3.065 54527.64271307 26.10 287.677830  46.422363 12.693
 66     3.096 54527.64271371 26.91 287.676560  46.419113 12.693
 66     3.087 54527.64271436 26.62 287.675300  46.415863 12.693
 66     2.813 54527.64271500 26.86 287.674030  46.412613 12.693
 66     2.958 54527.64271565 25.12 287.672760  46.409373 12.693
 66     3.220 54527.64271629 24.35 287.671499  46.406125  3.326
 66     3.285 54527.64271694 22.50 287.670229  46.402875  3.326
 66     3.259 54527.64271758 24.33 287.668959  46.399625  3.326
 67     4.447 54562.64270898 15.85 287.675744  46.441834 15.735
 67     4.719 54562.64270963 17.17 287.674484  46.438584 15.735
 67     4.667 54562.64271027 29.56 287.673214  46.435334 15.735
 67     4.586 54562.64271092 22.78 287.671944  46.432084 15.735
 67     4.477 54562.64271156 24.22 287.670684  46.428844 15.735
 67     4.318 54562.64271221 20.57 287.669414  46.425594 15.735
 67     4.211 54562.64271285 21.85 287.668144  46.422344 15.735
 67     4.354 54562.64271350 23.75 287.666884  46.419094 15.735
 67     4.346 54562.64271414 25.89 287.665614  46.415844 15.735
 67     4.459 54562.64271479 28.56 287.664344  46.412594 15.735
 67     4.564 54562.64271543 32.71 287.663084  46.409344 15.735
 67     4.598 54562.64271608 38.00 287.661814  46.406094 15.735
 67     4.652 54562.64271672 40.76 287.660554  46.402844 15.735
 68     8.756 54597.64270469 16.90 287.681046  46.442051  9.678
 68     9.953 54597.64270534 12.45 287.679776  46.438801  9.678
 68     8.953 54597.64270598 12.17 287.678516  46.435561  9.678
 68     8.357 54597.64270663 11.90 287.677246  46.432311  9.678
 68     6.410 54597.64270727 12.56 287.675976  46.429061  9.678
 68     5.628 54597.64270792 12.91 287.674706  46.425811  9.678
 68     4.842 54597.64270856 13.20 287.673446  46.422561  9.678
 68     4.656 54597.64270921 13.84 287.672176  46.419311  9.678
 68     4.378 54597.64270985 15.27 287.670906  46.416061  9.678
 68     4.277 54597.64271050 16.10 287.669646  46.412811  9.678
 68     4.665 54597.64271114 16.92 287.668376  46.409561  9.678
 68     5.363 54597.64271179 18.17 287.667106  46.406311  9.678
 68     5.612 54597.64271243 22.23 287.665841  46.403070 14.200
 68     6.037 54597.64271308 29.75 287.664581  46.399820 14.200
 69     9.610 54632.64271868 12.14 287.678909  46.439695  9.229
 69     8.907 54632.64271933 11.95 287.677649  46.436445  9.229
 69     6.543 54632.64271997 12.97 287.676379  46.433195  9.229
 69     3.849 54632.64272062 13.73 287.675109  46.429945  9.229
 69     4.010 54632.64272126 13.86 287.673839  46.426695  9.229
 69     3.636 54632.64272191 14.65 287.672579  46.423445  9.229
 69     3.520 54632.64272255 15.72 287.671309  46.420195  9.229
 69     3.708 54632.64272320 15.61 287.670039  46.416945  9.229
 69     3.964 54632.64272384 15.74 287.668779  46.413695  9.229
 69     4.512 54632.64272449 15.37 287.667509  46.410455  9.229
 69     5.171 54632.64272513 16.49 287.666249  46.407205  9.229
 69     5.836 54632.64272578 16.66 287.664975  46.403956 12.087
 69     3.988 54632.64272642 29.13 287.663715  46.400706 12.087
 70     3.301 54667.64272411 28.22 287.678153  46.440056  8.624
 70     3.459 54667.64272475 29.36 287.676883  46.436816  8.624
 70     3.655 54667.64272540 29.82 287.675623  46.433566  8.624
 70     3.716 54667.64272604 31.57 287.674353  46.430316  8.624
 70     3.707 54667.64272669 32.03 287.673083  46.427066  8.624
 70     3.703 54667.64272733 33.06 287.671813  46.423816  8.624
 70     3.636 54667.64272798 34.08 287.670553  46.420566  8.624
 70     3.772 54667.64272862 34.32 287.669283  46.417316  8.624
 70     3.752 54667.64272927 35.20 287.668013  46.414066  8.624
 70     3.777 54667.64272991 36.40 287.666753  46.410816  8.624
 70     3.771 54667.64273056 37.11 287.665483  46.407566  8.624
 70     3.895 54667.64273120 40.84 287.664223  46.404326  8.624
 70     4.021 54667.64273184 38.00 287.662952  46.401076  8.454
 71    -3.640 54702.64269011 17.28 287.677531  46.441232  9.976
 71    -2.550 54702.64269076 18.79 287.676271  46.437982  9.976
 71    -1.961 54702.64269140 20.87 287.675001  46.434742  9.976
 71    -0.879 54702.64269205 21.59 287.673736  46.431491 15.171
 71    -0.633 54702.64269269 22.56 287.672466  46.428241 15.171
 71    -0.094 54702.64269334 24.19 287.671206  46.424991 15.171
 71     0.189 54702.64269398 26.05 287.669936  46.421741 15.171
 71     1.141 54702.64269463 25.63 287.668666  46.418491 15.171
 71     2.064 54702.64269527 25.85 287.667406  46.415241 15.171
 71     2.568 54702.64269592 24.76 287.666136  46.411991 15.171
 71     3.121 54702.64269656 23.96 287.664866  46.408741 15.171
 71     3.501 54702.64269721 25.11 287.663606  46.405491 15.171
 71     3.680 54702.64269785 33.56 287.662336  46.402241 15.171
 72     8.037 54737.64268488 16.58 287.684503  46.440587  8.708
 72     7.048 54737.64268553 16.68 287.683243  46.437347  8.708
 72     3.344 54737.64268617 19.86 287.681973  46.434097  8.708
 72     3.285 54737.64268682 19.37 287.680703  46.430847  8.708
 72     2.753 54737.64268746 21.11 287.679433  46.427597  8.708
 72     2.773 54737.64268811 21.57 287.678173  46.424347  8.708
 72     3.058 54737.64268875 20.58 287.676903  46.421097  8.708
 72     3.191 54737.64268940 20.69 287.675633  46.417847  8.708
 72     3.231 54737.64269004 21.20 287.674373  46.414597  8.708
 72     3.377 54737.64269069 21.59 287.673103  46.411357  8.708
 72     3.774 54737.64269133 22.59 287.671833  46.408107  8.708
 72     4.115 54737.64269198 23.63 287.670570  46.404850 18.463
 72     4.942 54737.64269262 26.09 287.669300  46.401600 18.463
 72     3.877 54737.64269326 43.27 287.668030  46.398360 18.463
 73     7.645 54772.64267181 18.00 287.678338  46.439351 10.522
 73     7.345 54772.64267245 17.78 287.677068  46.436101 10.522
 73     2.999 54772.64267310 18.43 287.675798  46.432861 10.522
 73     2.850 54772.64267374 18.54 287.674538  46.429611 10.522
 73     2.935 54772.64267439 19.28 287.673268  46.426361 10.522
 73     2.596 54772.64267503 20.14 287.671998  46.423111 10.522
 73     2.415 54772.64267568 20.73 287.670738  46.419861 10.522
 73     2.651 54772.64267632 19.90 287.669468  46.416611 10.522
 73     2.770 54772.64267697 20.84 287.668198  46.413361 10.522
 73     3.124 54772.64267761 20.24 287.666938  46.410111 10.522
 73     3.479 54772.64267825 21.96 287.665668  46.406861 10.522
 73     3.502 54772.64267890 24.15 287.664408  46.403621 10.522
 73     3.160 54772.64267954 42.00 287.663138  46.400371 10.522
 74     2.258 54807.64267830 27.54 287.684329  46.441560  7.372
 74     2.492 54807.64267895 28.84 287.683069  46.438320  7.372
 74     2.570 54807.64267959 29.36 287.681799  46.435070  7.372
 74     2.825 54807.64268024 30.16 287.680529  46.431820  7.372
 74     2.675 54807.64268088 31.49 287.679259  46.428570  7.372
 74     2.713 54807.64268152 33.10 287.677999  46.425320  7.372
 74     2.732 54807.64268217 35.32 287.676729  46.422070  7.372
 74     2.658 54807.64268281 37.06 287.675459  46.418820  7.372
 74     2.743 54807.64268346 37.49 287.674189  46.415570  7.372
 74     2.624 54807.64268410 39.84 287.672929  46.412320  7.372
 74     2.753 54807.64268475 42.66 287.671659  46.409080  7.372
 74     3.099 54807.64268539 36.40 287.670393  46.405822  8.583
 74     3.131 54807.64268604 44.71 287.669123  46.402582  8.583
 74     3.123 54807.64268668 50.47 287.667853  46.399332  8.583
 75     3.920 54842.64266817 46.71 287.679203  46.440689 13.885
 75     4.440 54842.64266881 42.69 287.677933  46.437439 13.885
 75     4.711 54842.64266946 39.43 287.676663  46.434189 13.885
 75     3.882 54842.64267010 31.58 287.675403  46.430949 13.885
 75     3.244 54842.64267075 27.45 287.674133  46.427699 13.885
 75     2.886 54842.64267139 25.95 287.672863  46.424449 13.885
 75     3.271 54842.64267204 25.45 287.671603  46.421199 13.885
 75     3.287 54842.64267268 24.32 287.670333  46.417949 13.885
 75     3.517 54842.64267333 24.26 287.669063  46.414699 13.885
 75     3.507 54842.64267397 24.90 287.667803  46.411449 13.885
 75     3.645 54842.64267462 25.55 287.666533  46.408199 13.885
 75     3.906 54842.64267526 34.23 287.665263  46.404949 13.885
 75     3.900 54842.64267591 41.18 287.664003  46.401699 13.885
 76     3.647 54877.64268116 50.00 287.680378  46.439811 13.135
 76     3.825 54877.64268180 46.70 287.679108  46.436561 13.135
 76     3.819 54877.64268245 38.75 287.677838  46.433311 13.135
 76     3.638 54877.64268309 34.05 287.676578  46.430061 13.135
 76     3.453 54877.64268374 29.93 287.675308  46.426811 13.135
 76     2.988 54877.64268438 27.05 287.674038  46.423561 13.135
 76     3.323 54877.64268503 24.49 287.672778  46.420311 13.135
 76     3.384 54877.64268567 22.83 287.671508  46.417071 13.135
 76     3.249 54877.64268631 21.57 287.670238  46.413821 13.135
 76     3.267 54877.64268696 20.55 287.668976  46.410565  6.388
 76     4.060 54877.64268760 23.94 287.667706  46.407315  6.388
 76     4.032 54877.64268825 35.89 287.666436  46.404075  6.388
 76     3.568 54877.64268889 34.06 287.665176  46.400825  6.388
 77     9.940 54912.64267301 13.98 287.673829  46.440973  7.728
 77     9.436 54912.64267366 14.84 287.672559  46.437723  7.728
 77     8.417 54912.64267430 15.26 287.671289  46.434473  7.728
 77     7.002 54912.64267495 16.15 287.670029  46.431233  7.728
 77     2.418 54912.64267559 18.13 287.668759  46.427983  7.728
 77     1.428 54912.64267624 19.79 287.667489  46.424733  7.728
 77     1.604 54912.64267688 21.84 287.666229  46.421483  7.728
 77     1.882 54912.64267753 24.15 287.664959  46.418233  7.728
 77     2.465 54912.64267817 23.45 287.663689  46.414983  7.728
 77     3.059 54912.64267882 23.89 287.662429  46.411733  7.728
 77     3.131 54912.64267946 23.93 287.661159  46.408483  7.728
 77     3.711 54912.64268011 23.70 287.659899  46.405233  7.728
 77     3.793 54912.64268075 25.73 287.658629  46.401983  7.728
 78     8.274 54947.64267286 16.68 287.681097  46.441368 10.251
 78    10.226 54947.64267351 11.68 287.679837  46.438128 10.251
 78     7.550 54947.64267415 12.44 287.678567  46.434878 10.251
 78     7.084 54947.64267480 11.82 287.677297  46.431628 10.251
 78     6.267 54947.64267544 12.14 287.676027  46.428378 10.251
 78     5.540 54947.64267609 13.52 287.674767  46.425128 10.251
 78     5.814 54947.64267673 13.56 287.673497  46.421878 10.251
 78     5.123 54947.64267737 14.67 287.672227  46.418628 10.251
 78     4.893 54947.64267802 15.60 287.670967  46.415378 10.251
 78     4.762 54947.64267866 16.82 287.669697  46.412128 10.251
 78     4.835 54947.64267931 17.46 287.668427  46.408878 10.251
 78     5.351 54947.64267995 19.49 287.667166  46.405637 15.159
 78     5.869 54947.64268060 21.75 287.665896  46.402387 15.159
 78     5.590 54947.64268124 34.01 287.664626  46.399137 15.159
 79     9.268 54982.64269882 17.17 287.678893  46.440637 10.785
 79     8.871 54982.64269946 13.62 287.677633  46.437387 10.785
 79     8.329 54982.64270011 12.90 287.676363  46.434147 10.785
 79     7.040 54982.64270075 13.29 287.675093  46.430897 10.785
 79     3.700 54982.64270140 15.10 287.673823  46.427647 10.785
 79     4.021 54982.64270204 15.23 287.672563  46.424397 10.785
 79     3.554 54982.64270269 17.17 287.671293  46.421147 10.785
 79     3.401 54982.64270333 18.55 287.670023  46.417897 10.785
 79     3.716 54982.64270398 18.87 287.668763  46.414647 10.785
 79     3.774 54982.64270462 19.71 287.667493  46.411397 10.785
 79     5.300 54982.64270527 18.14 287.666223  46.408157 10.785
 79     5.657 54982.64270591 20.16 287.664958  46.404907 14.576
 79     5.031 54982.64270655 27.29 287.663698  46.401657 14.576
 80     9.734 55017.64269759 17.78 287.680793  46.441636 12.284
 80     9.632 55017.64269823 13.97 287.679523  46.438386 12.284
 80     8.391 55017.64269888 14.45 287.678253  46.435136 12.284
 80     6.267 55017.64269952 15.34 287.676993  46.431886 12.284
 80     5.620 55017.64270017 15.97 287.675723  46.428636 12.284
 80     4.102 55017.64270081 15.99 287.674453  46.425386 12.284
 80     3.937 55017.64270146 16.57 287.673193  46.422136 12.284
 80     3.399 55017.64270210 18.14 287.671923  46.418886 12.284
 80     3.890 55017.64270274 16.92 287.670653  46.415646 12.284
 80     4.185 55017.64270339 17.18 287.669393  46.412396 12.284
 80     4.691 55017.64270403 17.02 287.668123  46.409146 12.284
 80     5.349 55017.64270468 17.57 287.666853  46.405896 12.284
 80     6.095 55017.64270532 19.46 287.665593  46.402646 12.284
 80     4.926 55017.64270597 35.29 287.664323  46.399396 12.284
 81     3.624 55052.64269283 22.35 287.680399  46.440993  7.880
 81     3.668 55052.64269347 23.75 287.679129  46.437743  7.880
 81     3.573 55052.64269412 23.54 287.677859  46.434493  7.880
 81     3.766 55052.64269476 23.53 287.676589  46.431243  7.880
 81     3.740 55052.64269540 23.57 287.675329  46.427993  7.880
 81     3.701 55052.64269605 22.79 287.674059  46.424753  7.880
 81     3.356 55052.64269669 23.69 287.672789  46.421503  7.880
 81     3.207 55052.64269734 23.56 287.671529  46.418253  7.880
 81     3.011 55052.64269798 23.02 287.670259  46.415003  7.880
 81     3.433 55052.64269863 22.09 287.668989  46.411753  7.880
 81     3.414 55052.64269927 21.68 287.667729  46.408503  7.880
 81     3.806 55052.64269992 22.26 287.666459  46.405253  7.880
 81     3.867 55052.64270056 27.48 287.665199  46.402003  7.880
 82    10.578 55087.64265601 12.61 287.674546  46.441463 18.326
 82    11.412 55087.64265666 13.64 287.673276  46.438213 18.326
 82     3.204 55087.64265730 17.10 287.672016  46.434963 18.326
 82     3.246 55087.64265795 22.11 287.670746  46.431713 18.326
 82     3.394 55087.64265859 31.45 287.669476  46.428463 18.326
 82     3.125 55087.64265924 38.46 287.668216  46.425223 18.326
 82     2.907 55087.64265988 31.21 287.666946  46.421973 18.326
 82     3.336 55087.64266052 24.47 287.665686  46.418723 18.326
 82     3.190 55087.64266117 39.33 287.664416  46.415473 18.326
 82     3.135 55087.64266181 28.08 287.663146  46.412223 18.326
 82     2.760 55087.64266246 20.14 287.661886  46.408973 18.326
 82     3.169 55087.64266310 21.29 287.660616  46.405723 18.326
 82     3.248 55087.64266375 26.99 287.659356  46.402473 18.326
 83     7.648 55122.64262884 15.84 287.684010  46.439471 12.905
 83    -2.500 55122.64262949 18.37 287.682740  46.436221 12.905
 83    -1.993 55122.64263013 19.44 287.681470  46.432971 12.905
 83    -0.654 55122.64263078 19.10 287.680200  46.429721 12.905
 83     0.136 55122.64263142 19.60 287.678940  46.426471 12.905
 83     0.790 55122.64263207 20.54 287.677670  46.423221 12.905
 83     1.219 55122.64263271 20.92 287.676400  46.419971 12.905
 83     1.766 55122.64263336 21.50 287.675140  46.416721 12.905
 83     2.550 55122.64263400 21.76 287.673870  46.413481 12.905
 83     3.638 55122.64263465 19.11 287.672600  46.410231 12.905
 83     4.318 55122.64263529 19.97 287.671338  46.406975 16.982
 83     5.277 55122.64263594 21.98 287.670068  46.403725 16.982
 83     5.784 55122.64263658 22.69 287.668798  46.400485 16.982
 84     3.290 55157.64261664 24.47 287.676555  46.441862 10.848
 84     7.821 55157.64261729 17.88 287.675285  46.438612 10.848
 84     7.155 55157.64261793 17.74 287.674015  46.435362 10.848
 84     2.620 55157.64261858 19.09 287.672745  46.432112 10.848
 84     2.440 55157.64261922 18.43 287.671485  46.428862 10.848
 84     2.333 55157.64261987 18.84 287.670215  46.425622 10.848
 84     1.324 55157.64262051 20.39 287.668945  46.422372 10.848
 84     2.385 55157.64262116 19.75 287.667685  46.419122 10.848
 84     2.518 55157.64262180 20.41 287.666415  46.415872 10.848
 84     2.511 55157.64262245 21.93 287.665155  46.412622 10.848
 84     2.701 55157.64262309 23.59 287.663885  46.409372 10.848
 84     3.095 55157.64262373 25.55 287.662615  46.406122 10.848
 84     3.270 55157.64262438 30.88 287.661355  46.402872 10.848
 85     3.474 55192.64261772 38.05 287.685180  46.442468 11.573
 85     3.232 55192.64261837 42.84 287.683910  46.439218 11.573
 85     3.442 55192.64261901 41.41 287.682640  46.435968 11.573
 85     2.983 55192.64261966 39.50 287.681380  46.432718 11.573
 85     3.151 55192.64262030 29.48 287.680110  46.429478 11.573
 85     3.061 55192.64262094 27.91 287.678840  46.426228 11.573
 85     3.019 55192.64262159 26.85 287.677570  46.422978 11.573
 85     3.035 55192.64262223 26.56 287.676310  46.419728 11.573
 85     3.067 55192.64262288 26.27 287.675040  46.416478 11.573
 85     3.111 55192.64262352 25.76 287.673770  46.413228 11.573
 85     3.206 55192.64262417 26.76 287.672510  46.409978 11.573
 85     3.284 55192.64262481 28.47 287.671240  46.406728 11.573
 85     3.430 55192.64262546 26.51 287.669970  46.403488 11.573
 85     3.062 55192.64262610 39.15 287.668709  46.400229  4.559
 86     4.031 55227.64261805 45.59 287.676346  46.441897 21.946
 86     4.313 55227.64261870 41.95 287.675076  46.438647 21.946
 86     3.840 55227.64261934 46.06 287.673806  46.435397 21.946
 86     4.217 55227.64261998 42.25 287.672546  46.432157 21.946
 86     4.074 55227.64262063 39.38 287.671276  46.428907 21.946
 86     3.891 55227.64262127 44.43 287.670006  46.425657 21.946
 86     4.084 55227.64262192 40.97 287.668746  46.422407 21.946
 86     3.728 55227.64262256 40.84 287.667476  46.419157 21.946
 86     3.907 55227.64262321 38.86 287.666206  46.415907 21.946
 86     3.779 55227.64262385 41.66 287.664946  46.412657 21.946
 86     4.071 55227.64262450 36.67 287.663676  46.409407 21.946
 86     3.737 55227.64262514 31.55 287.662416  46.406157 21.946
 86     3.893 55227.64262579 38.37 287.661146  46.402917 21.946
 87     3.843 55262.64261376 31.73 287.681828  46.440927 14.791
 87     3.445 55262.64261441 42.59 287.680558  46.437677 14.791
 87     3.572 55262.64261505 37.97 287.679288  46.434427 14.791
 87     3.151 55262.64261570 33.63 287.678028  46.431187 14.791
 87     2.975 55262.64261634 26.55 287.676758  46.427937 14.791
 87     3.092 55262.64261699 25.89 287.675488  46.424687 14.791
 87     3.344 55262.64261763 25.56 287.674218  46.421437 14.791
 87     3.528 55262.64261828 26.99 287.672958  46.418187 14.791
 87     3.515 55262.64261892 28.74 287.671688  46.414937 14.791
 87     3.545 55262.64261957 33.36 287.670418  46.411687 14.791
 87     3.669 55262.64262021 32.81 287.669158  46.408437 14.791
 87     3.512 55262.64262085 25.87 287.667888  46.405187 14.791
 87     3.646 55262.64262150 29.94 287.666628  46.401947 14.791
 87     3.674 55262.64262214 34.65 287.665356  46.398697  4.348
 88    11.908 55297.64260182 12.27 287.676487  46.441523  9.354
 88     9.783 55297.64260246 12.74 287.675217  46.438273  9.354
 88    10.016 55297.64260311 11.49 287.673957  46.435023  9.354
 88     9.240 55297.64260375 11.60 287.672687  46.431773  9.354
 88     6.981 55297.64260440 11.92 287.671417  46.428523  9.354
 88     5.898 55297.64260504 12.54 287.670157  46.425283  9.354
 88     4.291 55297.64260569 13.79 287.668887  46.422033  9.354
 88     5.201 55297.64260633 14.68 287.667617  46.418783  9.354
 88     3.669 55297.64260698 14.77 287.666357  46.415533  9.354
 88     3.847 55297.64260762 15.42 287.665087  46.412283  9.354
 88     4.495 55297.64260827 16.58 287.663827  46.409033  9.354
 88     5.027 55297.64260891 18.72 287.662557  46.405783  9.354
 88     4.212 55297.64260956 25.99 287.661287  46.402533  9.354
 89     9.230 55332.64259260 13.13 287.678300  46.441774  8.459
 89    10.128 55332.64259325 12.09 287.677030  46.438524  8.459
 89     8.572 55332.64259389 12.41 287.675760  46.435284  8.459
 89     7.469 55332.64259454 12.54 287.674500  46.432034  8.459
 89     3.694 55332.64259518 13.33 287.673230  46.428784  8.459
 89     3.683 55332.64259583 13.55 287.671960  46.425534  8.459
 89     3.704 55332.64259647 14.15 287.670690  46.422284  8.459
 89     3.531 55332.64259712 14.31 287.669430  46.419034  8.459
 89     3.911 55332.64259776 13.59 287.668160  46.415784  8.459
 89     4.096 55332.64259841 14.14 287.666900  46.412534  8.459
 89     5.276 55332.64259905 14.46 287.665630  46.409284  8.459
 89     5.205 55332.64259969 16.39 287.664360  46.406034  8.459
 89     5.602 55332.64260034 19.44 287.663100  46.402794  8.459
 90     2.144 55367.64258509 24.80 287.679104  46.440897 27.578
 90     2.593 55367.64258573 19.60 287.677834  46.437647 27.578
 90     2.769 55367.64258638 19.96 287.676564  46.434397 27.578
 90     2.838 55367.64258702 29.38 287.675304  46.431157 27.578
 90     2.807 55367.64258767 44.68 287.674034  46.427907 27.578
 90     2.930 55367.64258831 50.94 287.672764  46.424657 27.578
 90     2.884 55367.64258896 48.59 287.671504  46.421407 27.578
 90     2.848 55367.64258960 52.06 287.670234  46.418157 27.578
 90     2.743 55367.64259025 44.52 287.668964  46.414907 27.578
 90     2.752 55367.64259089 48.16 287.667704  46.411657 27.578
 90     2.328 55367.64259154 36.37 287.666434  46.408407 27.578
 90     2.608 55367.64259218 41.83 287.665174  46.405157 27.578
 90     2.772 55367.64259283 37.34 287.663904  46.401917 27.578
 91    10.434 55402.64259931 13.14 287.684919  46.442277 10.717
 91     3.415 55402.64259995 13.21 287.683649  46.439027 10.717
 91     3.163 55402.64260060 13.78 287.682389  46.435787 10.717
 91     3.171 55402.64260124 14.42 287.681119  46.432537 10.717
 91     3.121 55402.64260189 15.31 287.679849  46.429287 10.717
 91     2.850 55402.64260253 17.75 287.678579  46.426037 10.717
 91     2.640 55402.64260317 18.05 287.677319  46.422787 10.717
 91     2.676 55402.64260382 17.67 287.676049  46.419537 10.717
 91     3.049 55402.64260446 16.93 287.674779  46.416287 10.717
 91     2.946 55402.64260511 17.51 287.673509  46.413037 10.717
 91     4.889 55402.64260575 17.91 287.672249  46.409787 10.717
 91     3.489 55402.64260640 20.16 287.670979  46.406537 10.717
 91     3.681 55402.64260704 24.79 287.669717  46.403288 19.115
 91     3.959 55402.64260769 34.64 287.668447  46.400048 19.115
 92    11.267 55437.64260270 14.72 287.679894  46.440362 27.863
 92     2.441 55437.64260335 18.49 287.678624  46.437112 27.863
 92     2.592 55437.64260399 23.14 287.677354  46.433872 27.863
 92     2.817 55437.64260463 28.48 287.676094  46.430622 27.863
 92     3.138 55437.64260528 41.05 287.674824  46.427372 27.863
 92     2.747 55437.64260592 52.26 287.673554  46.424122 27.863
 92     2.524 55437.64260657 52.40 287.672294  46.420872 27.863
 92     2.759 55437.64260721 53.77 287.671024  46.417622 27.863
 92     2.763 55437.64260786 37.98 287.669754  46.414372 27.863
 92     2.272 55437.64260850 34.65 287.668494  46.411122 27.863
 92     2.443 55437.64260915 35.49 287.667224  46.407872 27.863
 92     2.626 55437.64260979 36.31 287.665964  46.404622 27.863
 92     2.687 55437.64261044 36.30 287.664694  46.401382 27.863
 93    10.658 55472.64255221 13.24 287.675262  46.441055  8.241
 93    10.352 55472.64255285 13.91 287.673992  46.437805  8.241
 93     9.706 55472.64255350 14.28 287.672732  46.434555  8.241
 93     6.980 55472.64255414 13.87 287.671462  46.431305  8.241
 93     4.269 55472.64255479 13.79 287.670192  46.428055  8.241
 93     4.245 55472.64255543 15.25 287.668932  46.424815  8.241
 93     4.159 55472.64255608 15.12 287.667662  46.421565  8.241
 93     4.149 55472.64255672 15.38 287.666392  46.418315  8.241
 93     4.159 55472.64255737 15.14 287.665132  46.415065  8.241
 93     4.058 55472.64255801 15.91 287.663862  46.411815  8.241
 93     4.826 55472.64255866 16.13 287.662602  46.408565  8.241
 93     4.640 55472.64255930 18.22 287.661332  46.405315  8.241
 93     4.850 55472.64255995 22.15 287.660072  46.402065  8.241
