-318852.902    67.737     0.00   10.13
-318478.569    68.330     1.58   14.58
-318104.205    68.446     0.31   15.62
-317729.808    65.955    -6.65   15.39
-317355.380    61.533   -11.81   12.86
-316980.920    58.720    -7.51    8.23
-316606.429    55.327    -9.06    5.67
-316231.905    53.210    -5.65    6.27
-315857.350    53.236     0.07    6.20
-315482.763    54.367     3.02    7.06
-315108.145    57.367     8.01    6.89
-314733.494    61.021     9.75    5.81
-314358.811    61.464     1.18    6.63
-313984.097    60.137    -3.54    9.01
-313609.351    58.387    -4.67   10.53
-313234.573    56.156    -5.95   11.64
-312859.763    56.485     0.88   14.58
-312484.921    57.953     3.92   17.48
-312110.048    61.425     9.26   20.84
-311735.142    63.541     5.64   21.60
-311360.204    65.324     4.76   21.55
-310985.235    67.156     4.88   21.14
-310610.234    66.675    -1.28   22.11
-310235.200    64.916    -4.69   20.97
-309860.135    59.521   -14.38   19.62
-309485.038    52.233   -19.42   16.96
-309109.909    47.759   -11.92   11.35
-308734.747    47.324    -1.16   10.11
-308359.554    50.112     7.43    9.10
-307984.329    53.406     8.78    8.39
-307609.072    54.544     3.03    7.68
-307233.782    58.367    10.19    6.80
-306858.461    60.255     5.03    6.84
-306483.108    65.210    13.20    7.71
-306107.722    71.567    16.93    8.98
-305732.305    78.544    18.58   11.37
-305356.855    85.053    17.33   12.13
-304981.374    89.093    10.75   11.51
-304605.860    91.367     6.06   11.30
-304230.314    88.598    -7.37   12.11
-303854.736    84.171   -11.78    9.73
-303479.126    80.230   -10.49    6.72
-303103.484    77.524    -7.20    3.24
-302727.809    76.949    -1.53    2.94
-302352.103    77.112     0.43    3.34
-301976.364    76.964    -0.40    2.21
-301600.593    79.502     6.75    5.40
-301224.790    85.447    15.81   11.61
-300848.955    94.714    24.65   18.91
-300473.087   110.504    42.00   25.47
-300097.188   124.803    38.03   23.65
-299721.256   137.771    34.48   22.91
-299345.292   146.502    23.22   23.00
-298969.295   148.443     5.16   25.57
-298593.266   145.700    -7.29   27.48
-298217.206   138.387   -19.44   28.08
-297841.112   128.079   -27.40   26.02
-297464.987   119.199   -23.60   20.36
-297088.829   113.002   -16.47   17.62
-296712.639   108.579   -11.75   14.90
-296336.416   106.538    -5.42   13.56
-295960.162   104.328    -5.87   11.78
-295583.874   103.233    -2.91    9.16
-295207.555   103.483     0.66    8.15
-294831.203   103.324    -0.42    7.43
-294454.819   107.021     9.82   12.05
-294078.402   114.329    19.41   17.95
-293701.953   120.953    17.59   20.07
-293325.472   127.544    17.50   17.75
-292948.958   126.060    -3.94   18.09
-292572.412   120.021   -16.03   16.86
-292195.833   114.866   -13.69   13.79
-291819.222   109.425   -14.44   11.26
-291442.579   106.675    -7.30   11.91
-291065.903   104.500    -5.77   10.73
-290689.194   101.798    -7.17    8.82
-290312.453   103.598     4.78   10.92
-289935.680   109.425    15.46   12.87
-289558.874   111.470     5.43   12.10
-289182.035   110.310    -3.08   10.43
-288805.164   111.694     3.67   13.68
-288428.261   121.656    26.42   26.91
-288051.325   133.740    32.05   32.36
-287674.356   138.867    13.60   29.23
-287297.355   141.041     5.76   26.45
-286920.321   135.533   -14.60   26.56
-286543.254   127.925   -20.17   23.77
-286166.155   117.329   -28.09   13.78
-285789.024   111.117   -16.47    8.14
-285411.860   109.328    -4.74    7.75
-285034.663   111.483     5.71    9.48
-284657.433   114.887     9.02   10.03
-284280.171   121.970    18.77    9.35
-283902.876   130.073    21.47   14.89
-283525.549   142.575    33.12   25.43
-283148.189   154.694    32.11   31.58
-282770.796   173.759    50.50   33.44
-282393.370   188.521    39.10   34.01
-282015.912   207.583    50.48   32.65
-281638.421   224.199    44.01   39.51
-281260.898   238.563    38.04   35.87
-280883.341   240.972     6.38   34.51
-280505.752   237.387    -9.49   33.96
-280128.130   240.642     8.62   34.51
-279750.475   252.824    32.25   41.22
-279378.234   272.348    52.43   39.15
-279006.970   285.783    36.18   29.17
-278635.674   279.156   -17.84   32.41
-278264.347   258.560   -55.45   30.65
-277892.988   241.557   -45.77   27.20
-277521.598   221.521   -53.93   25.50
-277150.176   206.109   -41.48   27.23
-276778.722   192.975   -35.35   24.55
-276407.236   183.798   -24.70   21.24
-276035.719   174.349   -25.43   17.65
-275664.170   165.291   -24.37   15.48
-275292.590   162.461    -7.61   18.33
-274920.978   161.387    -2.89   24.56
-274549.334   167.787    17.22   27.61
-274177.658   174.934    19.22   28.75
-273805.950   174.059    -2.35   26.73
-273434.211   170.747    -8.91   28.27
-273062.440   167.156    -9.66   29.08
-272690.638   161.972   -13.94   21.96
-272318.803   157.269   -12.64   16.02
-271946.937   150.887   -17.16   17.56
-271575.039   146.127   -12.80   16.98
-271203.109   139.150   -18.75   12.29
-270831.147   135.504    -9.80   10.41
-270459.154   135.424    -0.21   10.60
-270087.128   145.104    26.01   18.14
-269715.071   162.021    45.46   26.99
-269342.982   184.583    60.62   32.74
-268970.861   202.269    47.51   30.34
-268598.708   229.665    73.59   41.33
-268226.524   258.227    76.72   52.06
-267854.307   287.349    78.22   52.14
-267482.058   309.483    59.44   46.77
-267109.778   306.720    -7.42   45.56
-266737.466   299.821   -18.53   45.79
-266365.121   288.310   -30.91   37.86
-265992.745   287.550    -2.04   38.05
-265620.337   296.829    24.91   39.24
-265247.897   307.840    29.56   37.13
-264875.424   307.027    -2.18   38.86
-264502.920   279.541   -73.77   60.25
-264130.384   229.307  -134.81   68.22
-263757.816   182.857  -124.64   62.17
-263385.216   146.406   -97.80   39.18
-263012.584   132.906   -36.22   19.30
-262639.919   135.858     7.92   20.21
-262267.223   146.175    27.67   25.73
-261894.495   165.733    52.46   39.07
-261521.734   188.012    59.75   49.82
-261148.942   203.104    40.47   52.60
-260776.117   214.955    31.78   57.60
-260403.261   227.311    33.13   68.62
-260030.372   235.925    23.09   71.94
-259657.451   241.787    15.71   74.05
-259284.498   240.740    -2.81   60.28
-258911.513   236.444   -11.51   46.91
-258538.495   241.271    12.94   34.20
-258165.446   248.661    19.80   24.13
-257792.364   245.202    -9.27   17.67
-257419.250   235.289   -26.56   23.65
-257046.104   217.190   -48.49   29.80
-256672.926   199.557   -47.24   28.76
-256299.716   184.150   -41.27   25.95
-255926.473   176.247   -21.17   22.71
-255553.198   176.791     1.46   24.96
-255179.891   191.500    39.39   33.98
-254806.552   218.007    70.98   42.79
-254433.180   263.794   122.60   68.39
-254059.776   319.328   148.68   77.73
-253686.340   366.514   126.32   68.13
-253312.871   386.292    52.94   52.34
-252939.371   358.137   -75.36   70.70
-252565.837   307.841  -134.61   70.38
-252192.272   274.464   -89.33   49.97
-251818.674   256.369   -48.42   22.35
-251445.044   254.847    -4.07   11.85
-251071.382   257.053     5.90   13.26
-250697.687   256.085    -2.59   19.93
-250323.960   250.156   -15.86   24.37
-249950.200   240.905   -24.74   26.44
-249576.408   234.733   -16.51   27.76
-249202.584   227.101   -20.41   24.62
-248828.727   219.406   -20.58   19.16
-248454.838   214.858   -12.16   17.34
-248080.916   212.694    -5.79   18.41
-247706.962   205.858   -18.28   18.46
-247332.975   201.983   -10.36   18.29
-246958.956   194.936   -18.84   13.79
-246584.905   193.841    -2.93   12.75
-246210.821   192.271    -4.20   11.33
-245836.704   193.311     2.78   10.75
-245462.555   196.151     7.59    8.89
-245088.374   197.670     4.06    7.30
-244714.160   200.672     8.02    5.85
-244339.913   204.079     9.10    5.30
-243965.634   206.656     6.88    4.54
-243591.323   208.252     4.26    4.48
-243216.978   209.538     3.43    4.46
-242842.602   209.579     0.11    4.96
-242468.192   208.310    -3.39    5.43
-242093.750   207.783    -1.41    5.97
-241719.275   205.194    -6.91    5.33
-241344.768   204.041    -3.08    4.81
-240970.228   203.274    -2.05    3.81
-240595.656   203.160    -0.30    3.26
-240221.051   203.028    -0.35    2.89
-239846.413   202.292    -1.96    2.00
-239471.742   202.060    -0.62    1.78
-239097.039   201.481    -1.55    0.49
-238722.303   201.444    -0.10    0.31
-238347.535   203.104     4.43    4.46
-237972.733   206.598     9.32    8.29
-237597.899   213.423    18.20   13.92
-237223.033   222.583    24.43   17.15
-236848.133   231.444    23.63   18.07
-236473.201   235.942    11.99   12.84
-236098.236   237.521     4.21   10.50
-235723.238   238.183     1.76    8.15
-235348.207   242.406    11.26   11.23
-234973.144   253.190    28.75   19.11
-234598.048   271.406    48.55   26.67
-234222.919   296.156    65.96   32.61
-233847.757   327.481    83.48   39.33
-233472.562   360.347    87.58   39.70
-233097.335   396.932    97.48   43.89
-232722.074   435.955   103.96   50.33
-232346.781   485.869   132.97   70.19
-231971.455   554.310   182.31   98.14
-231596.096   613.462   157.55  101.79
-231220.704   672.757   157.92   96.69
-230845.279   713.367   108.15   71.79
-230469.822   700.165   -35.16   58.70
-230094.331   668.975   -83.04   53.35
-229718.807   633.641   -94.07   51.15
-229343.251   592.557  -109.37   38.15
-228967.661   561.887   -81.64   39.38
-228592.039   535.532   -70.15   39.06
-228216.383   511.210   -64.73   37.45
-227840.694   491.815   -51.61   36.63
-227464.973   479.567   -32.59   34.63
-227089.218   477.387    -5.80   40.11
-226713.431   481.689    11.45   43.49
-226337.610   477.425   -11.34   39.14
-225961.757   459.459   -47.79   42.43
-225585.870   437.236   -59.11   48.30
-225209.950   412.155   -66.70   48.30
-224833.997   388.767   -62.20   30.76
-224458.011   393.519    12.64   32.56
-224081.992   404.944    30.38   35.85
-223705.940   411.779    18.17   33.49
-223329.855   404.226   -20.08   37.04
-222953.736   385.670   -49.33   39.47
-222577.585   359.109   -70.60   32.93
-222201.400   337.617   -57.12   26.77
-221825.182   323.090   -38.60   24.42
-221448.931   319.752    -8.87   25.07
-221072.647   343.642    63.47   52.11
-220696.329   388.101   118.12   71.18
-220319.979   428.983   108.60   71.32
-219943.595   474.387   120.60   51.09
-219567.178   500.310    68.85   43.38
-219190.727   522.239    58.24   38.66
-218814.244   541.464    51.05   32.01
-218437.727   541.877     1.10   35.34
-218061.177   527.369   -38.52   42.02
-217684.593   519.896   -19.84   35.87
-217307.977   537.274    46.13   49.06
-216931.327   575.465   101.38   68.69
-216554.643   620.123   118.53   66.55
-216177.927   647.230    71.94   46.35
-215801.177   645.308    -5.10   48.00
-215424.393   658.683    35.49   62.32
-215047.577   695.294    97.14   81.74
-214670.727   759.821   171.19   83.99
-214293.843   816.303   149.84   45.15
-213916.926   835.462    50.82   41.40
-213539.976   840.156    12.45   50.94
-213162.992   845.906    15.25   65.52
-212785.975   863.745    47.31   76.84
-212408.925   879.906    42.85   72.85
-212031.841   884.214    11.42   60.40
-211654.724   868.741   -41.02   61.00
-211277.573   814.387  -144.09   72.74
-210900.388   753.156  -162.30   67.84
-210523.171   703.255  -132.26   55.49
-210145.919   659.123  -116.96   42.18
-209768.634   626.944   -85.27   34.42
-209391.316   598.462   -75.47   28.13
-209013.964   576.991   -56.89   20.69
-208636.579   569.276   -20.44   19.06
-208259.160   565.934    -8.85   20.46
-207881.707   560.932   -13.25   21.07
-207504.221   553.877   -18.69   21.65
-207126.702   542.214   -30.89   19.05
-206749.148   527.079   -40.08   16.49
-206371.561   514.740   -32.67   15.02
-205993.941   502.028   -33.65   18.75
-205616.287   486.689   -40.61   19.39
-205238.599   476.532   -26.89   17.08
-204860.878   472.053   -11.85   14.86
-204488.314   479.444    19.83   26.27
-204117.147   498.461    51.22   38.04
-203745.947   516.329    48.13   35.13
-203374.716   526.831    28.28   25.62
-203003.452   529.249     6.51   16.79
-202632.155   526.262    -8.05   11.51
-202260.826   523.575    -7.23    7.13
-201889.464   521.059    -6.77    4.41
-201518.070   517.002   -10.92    5.19
-201146.644   511.764   -14.10    9.14
-200775.185   505.369   -17.21   12.36
-200403.693   498.446   -18.63   14.44
-200032.169   490.750   -20.71   18.74
-199660.613   482.767   -21.48   22.02
-199289.023   470.072   -34.16   23.69
-198917.402   458.802   -30.32   23.10
-198545.747   447.406   -30.66   17.91
-198174.061   439.127   -22.27   15.22
-197802.341   429.271   -26.51   12.67
-197430.589   421.696   -20.37   12.80
-197058.804   416.651   -13.57   11.65
-196686.987   411.575   -13.65   11.70
-196315.137   409.727    -4.97   11.69
-195943.255   408.848    -2.36    8.64
-195571.340   410.324     3.97    9.08
-195199.392   418.202    21.17   14.09
-194827.411   430.519    33.11   20.43
-194455.398   448.696    48.85   27.80
-194083.352   475.175    71.16   36.92
-193711.274   504.313    78.29   45.47
-193339.162   540.310    96.72   50.12
-192967.018   574.406    91.60   51.30
-192594.841   621.868   127.50   61.41
-192222.632   674.465   141.28   74.23
-191850.390   746.114   192.44   88.14
-191478.115   824.857   211.48   92.29
-191105.807   916.065   244.93  111.91
-190733.466   996.707   216.54   92.89
-190361.093  1027.160    81.76   70.31
-189988.687   997.114   -80.67  104.89
-189616.248   933.764  -170.06  113.20
-189243.776   876.762  -153.01   82.51
-188871.271   850.887   -69.45   51.57
-188498.734   851.053     0.45   40.86
-188126.164   843.310   -20.78   43.17
-187753.560   813.810   -79.16   61.76
-187380.924   764.557  -132.15   62.45
-187008.255   721.328  -115.98   53.63
-186635.553   678.459  -115.00   43.95
-186262.819   649.627   -77.34   36.82
-185890.051   627.047   -60.56   22.46
-185517.250   618.607   -22.64   11.72
-185144.417   617.764    -2.26   10.63
-184771.550   618.970     3.23   13.56
-184398.651   611.424   -20.23   23.73
-184025.718   598.179   -35.51   27.05
-183652.753   585.950   -32.78   21.73
-183279.754   579.541   -17.18   10.84
-182906.723   586.123    17.64   19.24
-182533.658   609.594    62.90   36.06
-182160.561   634.906    67.83   38.20
-181787.430   649.220    38.36   33.92
-181414.267   645.791    -9.19   34.47
-181041.070   624.797   -56.24   39.42
-180667.840   604.689   -53.87   37.48
-180294.578   583.780   -56.01   33.60
-179921.282   559.594   -64.78   26.17
-179547.953   542.109   -46.83   18.28
-179174.591   530.696   -30.56   12.35
-178801.195   522.916   -20.83    9.37
-178427.767   515.109   -20.90   10.67
-178054.306   510.567   -12.16    9.58
-177680.811   514.498    10.52   15.56
-177307.283   529.009    38.84   28.03
-176933.722   552.632    63.22   34.27
-176560.128   575.637    61.57   31.79
-176186.501   593.840    48.71   32.03
-175812.840   619.047    67.45   41.50
-175439.146   661.367   113.23   72.39
-175065.419   703.702   113.26   82.85
-174691.659   716.857    35.19   92.88
-174317.866   693.236   -63.18  106.66
-173944.039   639.179  -144.58   95.50
-173570.179   592.934  -123.67   59.68
-173196.285   568.314   -65.84   37.33
-172822.359   560.848   -19.96   29.25
-172448.399   560.617    -0.62   24.59
-172074.406   569.595    24.00   27.06
-171700.379   589.047    52.00   37.91
-171326.319   615.198    69.90   43.74
-170952.226   643.059    74.46   50.28
-170578.100   681.953   103.94   58.54
-170203.940   717.496    94.98   74.02
-169829.746   767.740   134.25   90.75
-169455.520   809.617   111.89   90.35
-169081.259   821.720    32.33   67.75
-168706.966   799.944   -58.17   82.07
-168332.639   728.314  -191.33   96.43
-167958.279   646.009  -219.82   85.12
-167583.885   578.244  -180.97   82.30
-167209.458   511.726  -177.62   70.21
-166834.997   474.924   -98.26   49.81
-166460.503   474.332    -1.58   49.47
-166085.975   497.289    61.28   76.13
-165711.414   516.442    51.13   94.20
-165336.819   510.426   -16.06   99.85
-164962.191   483.423   -72.07   98.81
-164587.529   454.757   -76.50   74.94
-164212.834   445.670   -24.25   65.02
-163838.105   458.976    35.50   78.92
-163463.343   478.689    52.59   87.99
-163088.547   496.750    48.18   87.16
-162713.717   494.252    -6.66   77.17
-162338.854   482.424   -31.55   63.32
-161963.957   476.233   -16.51   53.19
-161589.027   474.289    -5.18   40.30
-161214.063   475.351     2.83   36.68
-160839.065   468.707   -17.71   36.06
-160464.034   463.442   -14.04   34.42
-160088.969   461.714    -4.61   27.88
-159713.871   463.330     4.31   22.94
-159338.738   470.470    19.03   21.99
-158963.573   470.160    -0.83   20.40
-158588.373   464.424   -15.28   17.51
-158213.140   456.646   -20.73   14.24
-157837.872   449.217   -19.79    9.51
-157462.572   444.934   -11.41    7.72
-157087.237   440.575   -11.61    5.44
-156711.869   439.579    -2.65    5.44
-156336.467   439.500    -0.21    5.92
-155961.031   441.123     4.32    7.41
-155585.561   442.476     3.60    8.51
-155210.058   445.053     6.86   10.12
-154834.520   447.462     6.41   10.73
-154458.949   449.481     5.37    9.85
-154083.344   448.079    -3.73    9.48
-153707.706   445.187    -7.70    8.85
-153332.033   444.053    -3.02    9.63
-152956.326   446.619     6.83   13.11
-152580.586   451.991    14.29   17.55
-152204.812   459.313    19.48   17.38
-151829.004   463.950    12.34   12.51
-151453.162   466.897     7.84    8.14
-151077.286   469.090     5.84    6.97
-150701.376   473.465    11.64   12.24
-150325.432   487.278    36.74   25.13
-149949.454   506.557    51.27   34.00
-149573.442   531.462    66.23   45.08
-149197.397   566.780    93.90   64.14
-148821.317   607.936   109.42   87.39
-148445.203   646.387   102.22   98.64
-148069.055   665.483    50.76   85.70
-147692.874   665.009    -1.26   68.78
-147316.658   645.274   -52.45   54.99
-146940.408   621.426   -63.37   39.52
-146564.124   610.351   -29.43   28.89
-146187.806   609.165    -3.15   32.30
-145811.454   608.702    -1.23   31.64
-145435.068   605.073    -9.64   31.33
-145058.648   585.707   -51.44   26.18
-144682.193   565.330   -54.12   23.97
-144305.705   546.009   -51.31   24.53
-143929.182   527.114   -50.18   22.77
-143552.626   511.255   -42.11   17.30
-143176.035   498.406   -34.11   12.95
-142799.410   491.845   -17.42   11.63
-142422.751   490.350    -3.97   15.74
-142046.057   492.179     4.86   19.06
-141669.330   495.132     7.84   19.81
-141292.568   495.156     0.06   18.07
-140915.772   494.274    -2.34   21.71
-140538.942   483.813   -27.76   31.81
-140162.077   468.310   -41.13   35.88
-139785.178   448.387   -52.85   35.06
-139408.245   431.236   -45.49   22.57
-139031.278   427.333   -10.35   21.68
-138654.276   425.093    -5.94   23.94
-138277.241   427.117     5.37   26.70
-137900.170   433.331    16.48   34.21
-137523.066   440.848    19.93   36.34
-137145.927   449.297    22.40   37.49
-136768.754   455.821    17.29   31.56
-136391.546   452.155    -9.72   26.39
-136014.305   440.905   -29.82   21.02
-135637.028   429.160   -31.13   21.00
-135259.718   418.205   -29.03   20.69
-134882.373   409.567   -22.89   19.09
-134504.993   409.083    -1.28   20.39
-134127.579   414.557    14.50   24.83
-133750.131   425.519    29.04   27.35
-133372.648   436.641    29.46   21.42
-132995.131   445.465    23.37   13.40
-132617.579   447.241     4.70   10.07
-132239.993   444.975    -6.00    8.09
-131862.372   438.665   -16.71   10.24
-131484.717   426.443   -32.36   16.23
-131107.028   413.896   -33.22   19.68
-130729.303   399.333   -38.55   21.47
-130351.545   387.387   -31.62   24.00
-129973.751   375.672   -31.00   27.97
-129600.799   370.348   -14.27   28.42
-129229.730   366.609   -10.08   25.68
-128858.628   371.500    13.18   28.69
-128487.492   378.838    19.77   32.69
-128116.324   390.350    31.01   33.57
-127745.121   400.331    26.89   31.57
-127373.886   404.202    10.42   26.20
-127002.617   404.915     1.92   24.88
-126631.315   410.236    14.33   21.40
-126259.980   415.230    13.45   20.77
-125888.611   420.035    12.94   14.85
-125517.209   424.329    11.56   15.03
-125145.774   426.297     5.30   15.86
-124774.305   423.519    -7.48   20.34
-124402.803   422.083    -3.86   23.82
-124031.267   418.813    -8.80   24.65
-123659.698   420.331     4.09   24.17
-123288.096   429.137    23.69   26.28
-122916.460   442.191    35.12   25.76
-122544.791   455.851    36.75   15.43
-122173.088   465.329    25.50    5.00
-121801.352   468.202     7.73    4.41
-121429.582   470.214     5.41    4.76
-121057.779   471.651     3.87    3.60
-120685.942   469.961    -4.54    5.85
-120314.072   466.443    -9.46   10.39
-119942.169   459.072   -19.82   17.08
-119570.232   451.274   -20.96   22.36
-119198.261   439.850   -30.71   24.53
-118826.257   434.675   -13.91   19.64
-118454.219   432.183    -6.70   12.28
-118082.148   433.464     3.44    8.32
-117710.043   436.369     7.81    6.66
-117337.904   440.745    11.76    6.78
-116965.732   444.315     9.59    8.40
-116593.526   447.726     9.16   10.25
-116221.287   452.109    11.77   13.04
-115849.014   457.114    13.44   14.76
-115476.708   460.972    10.36   14.83
-115104.367   465.512    12.19   14.90
-114731.994   469.347    10.30   14.83
-114359.586   471.512     5.81   15.03
-113987.145   474.726     8.63   15.38
-113614.670   480.720    16.09   19.96
-113242.161   487.739    18.84   21.15
-112869.619   492.944    13.97   20.36
-112497.043   499.150    16.65   18.18
-112124.433   505.442    16.88   17.75
-111751.789   507.858     6.48   17.63
-111379.112   510.681     7.57   17.38
-111006.401   511.745     2.86   17.79
-110633.656   504.916   -18.32   16.81
-110260.877   494.757   -27.25   20.58
-109888.065   482.720   -32.28   25.30
-109515.218   465.619   -45.86   23.98
-109142.338   446.675   -50.80   19.65
-108769.424   431.942   -39.50   20.24
-108396.476   413.109   -50.49   22.93
-108023.495   397.217   -42.60   19.56
-107650.479   388.932   -22.21   13.76
-107277.430   387.887    -2.80   12.80
-106904.346   395.887    21.44   16.88
-106531.229   404.575    23.28   15.40
-106158.078   412.047    20.02   11.33
-105784.893   414.762     7.27   11.99
-105411.674   415.651     2.38   13.08
-105038.421   416.047     1.06   15.80
-104665.134   416.294     0.66   16.52
-104291.813   418.998     7.24   15.43
-103918.458   421.714     7.27   14.65
-103545.069   421.764     0.14   12.09
-103171.646   423.791     5.43    9.87
-102798.189   426.547     7.38    9.60
-102424.698   432.090    14.84   10.89
-102051.173   438.146    16.21   13.26
-101677.614   446.214    21.59   14.40
-101304.021   451.002    12.82   14.68
-100930.394   455.239    11.34   12.53
-100556.733   457.310     5.54   10.54
-100183.038   457.259    -0.13    8.02
 -99809.308   459.651     6.40    8.62
 -99435.545   463.762    11.00   12.07
 -99061.747   469.165    14.45   13.07
 -98687.915   470.479     3.52   12.76
 -98314.049   466.690   -10.13   15.01
 -97940.149   461.112   -14.92   14.71
 -97566.215   454.132   -18.66   13.13
 -97192.247   448.617   -14.74   14.86
 -96818.244   436.627   -32.06   19.55
 -96444.207   419.444   -45.93   19.45
 -96070.136   403.465   -42.71   19.46
 -95696.031   386.530   -45.27   17.72
 -95321.891   374.979   -30.87   17.14
 -94947.718   359.776   -40.63   18.53
 -94573.509   345.271   -38.76   19.99
 -94199.267   329.314   -42.63   22.08
 -93824.991   312.627   -44.58   17.01
 -93450.680   301.047   -30.93   12.96
 -93076.335   293.035   -21.40    7.21
 -92701.955   289.314    -9.94    7.67
 -92327.541   285.348   -10.59    8.62
 -91953.093   283.831    -4.05    9.61
 -91578.611   284.165     0.89    8.72
 -91204.094   287.733     9.53   11.07
 -90829.543   293.672    15.86   14.46
 -90454.957   297.504    10.23   15.04
 -90080.337   295.833    -4.46   17.53
 -89705.683   295.257    -1.54   19.76
 -89330.994   293.239    -5.39   20.36
 -88956.270   291.244    -5.32   20.53
 -88581.513   288.446    -7.47   18.99
 -88206.721   291.405     7.90   20.16
 -87831.894   298.521    18.98   22.43
 -87457.033   312.127    36.29   22.46
 -87082.137   328.519    43.72   15.60
 -86707.207   339.367    28.93   17.37
 -86332.243   345.637    16.72   16.07
 -85957.244   349.090     9.21   13.30
 -85582.210   347.702    -3.70    9.88
 -85207.142   346.269    -3.82    6.72
 -84832.039   344.859    -3.76    6.50
 -84456.902   340.233   -12.33    8.31
 -84081.730   332.516   -20.57   11.67
 -83706.524   320.479   -32.08   15.10
 -83331.283   311.739   -23.29   14.38
 -82956.007   307.328   -11.75   13.74
 -82580.697   305.330    -5.32   14.87
 -82205.352   301.090   -11.29   16.14
 -81829.972   292.925   -21.75   17.10
 -81454.558   282.101   -28.83   14.18
 -81079.109   276.274   -15.52    8.38
 -80703.626   279.744     9.24   11.87
 -80328.108   287.368    20.30   14.15
 -79952.555   293.424    16.12   16.48
 -79576.967   298.780    14.26   20.32
 -79201.345   301.467     7.15   24.32
 -78825.688   303.278     4.82   25.27
 -78449.996   308.516    13.94   22.72
 -78074.269   315.476    18.52   20.32
 -77698.508   326.041    28.11   17.75
 -77322.712   332.745    17.84   14.48
 -76946.881   335.315     6.84   13.88
 -76571.015   334.802    -1.37   14.09
 -76195.115   333.498    -3.47   12.11
 -75819.179   328.637   -12.93   11.13
 -75443.209   317.519   -29.57   24.61
 -75067.204   296.932   -54.75   34.72
 -74691.164   277.405   -51.92   31.86
 -74315.089   267.030   -27.59   20.98
 -73938.980   270.348     8.82   23.22
 -73562.835   290.005    52.25   28.60
 -73186.656   311.838    58.03   19.23
 -72810.441   322.850    29.27   16.08
 -72434.192   330.961    21.56   15.28
 -72057.908   338.119    19.02   17.33
 -71681.588   347.230    24.21   22.80
 -71305.234   360.840    36.16   26.00
 -70928.845   377.732    44.88   28.60
 -70552.421   392.310    38.72   21.99
 -70175.962   403.030    28.47   18.03
 -69799.468   409.764    17.89   15.42
 -69422.939   411.137     3.65   20.43
 -69046.374   416.297    13.70   23.36
 -68669.775   414.150    -5.70   22.85
 -68293.141   395.494   -49.53   36.40
 -67916.472   365.507   -79.61   43.98
 -67539.767   333.096   -86.03   40.05
 -67163.028   306.594   -70.34   16.95
 -66786.253   298.538   -21.38    7.35
 -66409.443   299.708     3.11    9.09
 -66032.598   303.276     9.47   10.94
 -65655.718   312.859    25.43   17.02
 -65278.803   324.117    29.87   19.32
 -64901.853   334.553    27.68   20.24
 -64524.867   343.535    23.82   15.36
 -64147.847   346.194     7.05   12.84
 -63770.791   342.387   -10.10   12.29
 -63393.700   337.858   -12.01   10.28
 -63016.573   333.096   -12.63    6.61
 -62639.412   329.999    -8.21    4.01
 -62262.215   329.720    -0.74    3.93
 -61884.983   331.575     4.92    5.75
 -61507.716   336.262    12.42   10.25
 -61130.413   347.802    30.58   22.27
 -60753.075   360.220    32.91   25.72
 -60375.702   368.496    21.93   23.49
 -59998.294   378.579    26.72   22.51
 -59620.850   390.078    30.46   29.16
 -59243.371   407.720    46.73   29.08
 -58865.856   426.547    49.87   24.13
 -58488.306   446.090    51.76   23.91
 -58110.721   460.557    38.31   26.48
 -57733.101   474.405    36.67   24.35
 -57355.445   481.307    18.28   19.79
 -56977.753   481.690     1.02   14.97
 -56600.026   485.572    10.28   12.10
 -56222.264   496.762    29.62   19.23
 -55844.466   519.976    61.44   31.19
 -55466.633   542.651    60.01   35.40
 -55088.765   563.296    54.63   29.13
 -54715.357   575.521    32.74   23.89
 -54344.395   571.183   -11.69   28.34
 -53973.398   554.481   -45.02   29.92
 -53602.367   539.720   -39.78   28.48
 -53231.302   518.813   -56.34   24.41
 -52860.203   504.922   -37.43   20.81
 -52489.070   497.313   -20.50   13.70
 -52117.902   498.498     3.19   14.53
 -51746.701   502.443    10.63   16.90
 -51375.465   501.594    -2.29   20.45
 -51004.195   487.869   -36.97   27.40
 -50632.891   469.925   -48.32   26.56
 -50261.552   451.815   -48.77   25.93
 -49890.180   442.349   -25.49   21.79
 -49518.773   438.512   -10.33   18.93
 -49147.332   446.179    20.64   25.10
 -48775.856   458.689    33.67   35.80
 -48404.347   473.155    38.94   44.25
 -48032.803   482.859    26.12   45.69
 -47661.225   475.969   -18.54   44.60
 -47289.612   464.104   -31.93   42.20
 -46917.965   446.823   -46.50   35.46
 -46546.284   434.887   -32.11   20.14
 -46174.569   443.887    24.21   22.24
 -45802.819   451.330    20.02   18.40
 -45431.035   438.940   -33.32   34.50
 -45059.216   408.609   -81.57   50.14
 -44687.363   373.030   -95.68   54.11
 -44315.476   333.423  -106.50   34.39
 -43943.554   319.646   -37.04   21.42
 -43571.598   323.744    11.02   21.34
 -43199.607   335.406    31.35   21.35
 -42827.582   338.012     7.00   19.23
 -42455.523   332.521   -14.76   22.06
 -42083.429   320.535   -32.21   21.08
 -41711.301   304.202   -43.89   11.66
 -41339.138   294.632   -25.71   11.55
 -40966.940   284.757   -26.53   14.83
 -40594.708   274.550   -27.42   14.92
 -40222.442   263.769   -28.96   11.85
 -39850.141   256.109   -20.57   11.48
 -39477.806   243.859   -32.90   13.57
 -39105.436   234.041   -26.37   13.06
 -38733.031   223.726   -27.70   12.00
 -38360.592   213.764   -26.75   11.82
 -37988.118   208.262   -14.77   10.92
 -37615.610   205.732    -6.79   10.04
 -37243.067   205.494    -0.64   10.08
 -36870.489   209.262    10.11    8.29
 -36497.877   211.405     5.75    6.84
 -36125.230   212.708     3.50    6.91
 -35752.549   213.274     1.52    8.81
 -35379.833   209.565    -9.95   10.54
 -35007.082   203.483   -16.32   10.98
 -34634.296   195.259   -22.06   11.43
 -34261.476   187.183   -21.66    8.43
 -33888.621   182.226   -13.29    6.38
 -33515.731   178.776    -9.25    4.31
 -33142.807   176.987    -4.80    3.49
 -32769.848   175.915    -2.87    4.76
 -32396.854   175.217    -1.87    5.89
 -32023.825   172.762    -6.58    7.26
 -31650.762   169.079    -9.87    7.24
 -31277.664   164.226   -13.01    6.15
 -30904.530   160.651    -9.58    4.21
 -30531.363   157.422    -8.65    5.84
 -30158.160   151.787   -15.10    8.50
 -29784.922   146.538   -14.06    8.85
 -29411.650   141.208   -14.28    6.30
 -29038.343   137.479    -9.99    4.05
 -28665.001   135.187    -6.14    4.29
 -28291.624   135.964     2.08    8.08
 -27918.212   138.869     7.78   10.63
 -27544.765   142.005     8.40   12.03
 -27171.283   143.005     2.68   11.32
 -26797.767   143.479     1.27    9.69
 -26424.215   140.708    -7.42    9.04
 -26050.629   138.575    -5.71    7.35
 -25677.007   137.569    -2.69    6.21
 -25303.351   138.623     2.82    5.57
 -24929.659   140.521     5.08    4.67
 -24555.933   140.459    -0.17    4.57
 -24182.171   136.810    -9.76    7.28
 -23808.375   131.780   -13.46    7.58
 -23434.543   125.757   -16.11    5.78
 -23060.677   122.609    -8.42    3.60
 -22686.775   121.012    -4.27    3.16
 -22312.838   120.659    -0.94    2.55
 -21938.867   119.950    -1.90    2.95
 -21564.860   118.867    -2.90    3.38
 -21190.818   118.405    -1.24    4.13
 -20816.741   118.678     0.73    4.50
 -20442.628   118.950     0.73    4.02
 -20068.481   117.405    -4.13    3.97
 -19694.299   115.780    -4.34    3.78
 -19320.081   113.160    -7.00    3.79
 -18945.828   111.132    -5.42    3.21
 -18571.540   109.150    -5.29    3.07
 -18197.217   107.694    -3.89    2.77
 -17822.858   106.333    -3.64    2.44
 -17448.465   106.002    -0.88    2.98
 -17074.036   107.101     2.93    4.36
 -16699.572   109.314     5.91    4.58
 -16325.072   110.702     3.70    3.64
 -15950.538   110.726     0.07    3.28
 -15575.968   109.406    -3.53    3.41
 -15201.363   106.994    -6.44    4.22
 -14826.722   104.444    -6.80    3.89
 -14452.046   102.969    -3.94    3.02
 -14077.335   102.313    -1.75    2.81
 -13702.589   102.833     1.39    2.74
 -13327.807   103.387     1.48    2.65
 -12952.990   103.532     0.39    2.70
 -12578.137   103.514    -0.05    3.34
 -12203.249   102.622    -2.38    4.43
 -11828.326   100.333    -6.10    4.38
 -11453.367    98.085    -6.00    3.32
 -11078.373    97.601    -1.29    2.70
 -10703.343    98.165     1.50    2.54
 -10328.278    99.545     3.68    3.21
  -9953.178    98.905    -1.71    4.30
  -9578.042    97.313    -4.24    5.13
  -9202.870    94.708    -6.94    5.53
  -8827.663    90.483   -11.26    3.49
  -8452.421    88.565    -5.11    3.31
  -8077.143    86.726    -4.90    3.18
  -7701.829    83.694    -8.08    4.60
  -7326.480    79.119   -12.19    8.32
  -6951.096    74.516   -12.26    9.21
  -6575.675    68.569   -15.84    8.43
  -6200.220    62.925   -15.03    5.95
  -5824.728    57.281   -15.03    6.27
  -5449.202    52.944   -11.55    5.18
  -5073.639    52.030    -2.44    4.87
  -4698.041    50.987    -2.78    6.02
  -4322.407    49.619    -3.64    7.17
  -3946.738    46.141    -9.26    8.13
  -3571.033    42.066   -10.85    6.35
  -3195.292    41.297    -2.05    5.23
  -2819.515    39.617    -4.47    7.34
  -2443.703    35.315   -11.45   10.36
  -2067.856    27.053   -21.98   14.76
  -1691.972    17.547   -25.29   15.30
  -1316.053     6.387   -29.69   10.06
   -940.098     1.096   -14.07    6.12
   -564.107    -0.828    -5.12    4.37
   -188.080     0.656     3.95    8.11
    187.982     4.905    11.30   15.29
    564.080    16.459    30.72   27.70
    940.214    28.311    31.51   32.51
   1316.383    43.314    39.88   32.58
   1692.589    57.059    36.54   27.26
   2068.830    70.350    35.32   13.80
   2445.108    71.023     1.79   10.49
   2821.421    57.239   -36.63   24.47
   3197.770    40.915   -43.37   25.18
   3574.154    24.315   -44.10   18.19
   3950.575    13.423   -28.94    5.33
   4327.032    10.565    -7.59    4.76
   4703.524     7.905    -7.07    3.46
   5080.053     7.109    -2.11    2.76
   5456.617     8.083     2.59    2.87
   5833.218     9.329     3.31    2.97
   6209.854    10.887     4.14    2.59
   6586.526    11.969     2.87    1.87
   6963.235    12.572     1.60    2.02
   7339.979    13.726     3.06    2.41
   7716.759    15.627     5.05    3.74
   8093.576    22.530    18.32   11.89
   8470.428    33.906    30.19   17.83
   8847.317    50.492    44.01   21.87
   9224.241    70.496    53.07   17.35
   9601.202    86.137    41.49   17.18
   9978.199    99.065    34.29   15.20
  10355.231   108.739    25.66   11.24
  10732.300   113.696    13.15    6.26
  11109.405   114.829     3.01    4.98
  11486.547   116.187     3.60    5.94
  11863.724   120.514    11.47    7.65
  12240.937   125.012    11.92    8.43
  12618.187   131.569    17.38   11.94
  12995.473   140.689    24.17   16.29
  13372.795   157.030    43.31   26.23
  13750.153   177.694    54.76   27.30
  14127.548   195.726    47.78   27.06
  14504.979   208.702    34.38   24.64
  14882.446   217.805    24.12   30.01
  15259.949   225.119    19.37   37.21
  15637.488   228.169     8.08   39.62
  16015.064   234.459    16.66   35.74
  16392.676   236.829     6.28   24.96
  16770.325   249.569    33.73   28.48
  17148.010   276.498    71.30   34.87
  17525.731   296.732    53.57   44.82
  17903.488   314.083    45.93   51.81
  18281.282   306.041   -21.29   64.22
  18659.112   279.352   -70.64   70.31
  19036.979   243.887   -93.86   52.76
  19414.881   224.708   -50.75   28.02
  19792.821   221.369    -8.84   14.73
  20166.775   230.619    24.74   22.83
  20537.633   246.794    43.62   26.88
  20908.526   258.569    31.75   27.40
  21279.454   273.280    39.66   27.18
  21650.417   285.016    31.64   28.65
  22021.415   305.065    54.04   36.91
  22392.448   326.464    57.67   34.57
  22763.516   344.815    49.46   29.15
  23134.619   355.829    29.68   25.97
  23505.757   358.815     8.05   27.42
  23876.930   355.516    -8.89   29.01
  24248.138   345.071   -28.14   29.99
  24619.382   340.053   -13.52   32.20
  24990.660   346.137    16.39   42.98
  25361.974   353.976    21.11   48.84
  25733.323   363.127    24.64   54.41
  26104.706   361.601    -4.11   53.25
  26476.125   357.521   -10.98   46.78
  26847.579   383.708    70.50   61.45
  27219.069   404.560    56.13   58.26
  27590.593   416.280    31.55   51.02
  27962.153   399.478   -45.22   68.72
  28333.748   348.594  -136.94   79.20
  28705.378   288.422  -161.92   73.78
  29077.043   246.297  -113.34   50.47
  29448.744   232.462   -37.22   39.88
  29820.479   254.479    59.23   70.50
  30192.250   290.744    97.55   92.21
  30564.057   318.810    75.49   97.37
  30935.898   320.958     5.78   99.70
  31307.775   317.079   -10.43   97.33
  31679.688   291.869   -67.79   73.41
  32051.635   287.406   -12.00   56.99
  32423.618   290.387     8.01   42.71
  32795.636   308.940    49.87   48.74
  33167.690   332.776    64.07   64.11
  33539.779   351.597    50.59   65.65
  33911.903   366.550    40.18   67.57
  34284.063   371.194    12.48   68.00
  34656.258   390.964    53.12   74.94
  35028.489   400.208    24.84   72.60
  35400.755   407.519    19.64   71.07
  35773.056   420.601    35.14   62.33
  36145.393   436.950    43.91   50.99
  36517.765   432.825   -11.08   48.57
  36890.173   420.422   -33.31   54.24
  37262.616   407.041   -35.93   61.47
  37635.095   373.226   -90.79   70.71
  38007.609   337.387   -96.21   76.19
  38380.159   304.476   -88.34   68.23
  38752.745   288.117   -43.91   51.41
  39125.366   333.106   120.74  105.49
  39498.022   397.689   173.31  124.23
  39870.714   446.685   131.47  116.04
  40243.442   487.005   108.18   97.15
  40616.205   508.494    57.65   90.78
  40989.004   520.119    31.18   72.80
  41361.838   522.294     5.83   68.49
  41734.708   528.083    15.53   56.03
  42107.614   526.961    -3.01   47.39
  42480.555   533.083    16.42   34.64
  42853.532   535.160     5.57   29.50
  43226.545   540.155    13.39   35.84
  43599.594   545.646    14.72   38.24
  43972.678   543.757    -5.06   37.78
  44345.798   534.878   -23.80   42.79
  44718.953   515.987   -50.63   53.54
  45092.144   488.262   -74.30   55.14
  45465.371   473.183   -40.40   51.90
  45838.634   483.333    27.19   69.98
  46211.933   513.675    81.28   96.63
  46585.267   565.583   139.05  101.15
  46958.637   608.369   114.60   67.46
  47332.043   616.474    21.71   66.15
  47705.485   608.527   -21.28   63.13
  48078.963   587.262   -56.94   71.30
  48452.476   557.387   -79.99   89.47
  48826.025   522.481   -93.45  101.08
  49199.611   480.262  -113.02  104.20
  49573.232   475.991   -11.43  117.40
  49946.889   506.527    81.73  144.45
  50320.582   540.198    90.11  166.54
  50694.310   550.790    28.34  174.73
  51068.075   528.132   -60.62  175.77
  51441.876   505.078   -61.68  172.13
  51815.712   496.833   -22.05  177.60
  52189.585   498.516     4.50  191.58
  52563.494   498.458    -0.16  205.34
  52937.438   495.214    -8.68  205.39
  53311.419   466.922   -75.65  193.38
  53685.435   454.831   -32.33  194.18
  54059.488   447.012   -20.91  178.71
  54433.577   454.922    21.15  185.28
  54807.701   462.905    21.34  188.94
  55181.862   456.545   -17.00  186.43
  55556.059   461.587    13.48  181.81
  55930.292   446.492   -40.34  169.50
  56304.561   452.637    16.42  169.56
  56678.866   443.744   -23.76  167.91
  57053.207   439.702   -10.80  163.29
  57427.585   451.172    30.64  162.97
  57801.998   463.331    32.48  182.23
  58176.448   473.878    28.17  189.71
  58550.934   477.280     9.08  204.27
  58925.456   475.478    -4.81  190.93
  59300.014   451.030   -65.28  182.51
  59674.609   427.887   -61.78  169.92
  60049.239   402.797   -66.97  151.63
  60423.906   398.998   -10.14  150.20
  60798.610   418.787    52.82  158.70
  61173.349   489.226   187.98  178.64
  61548.125   516.859    73.74  172.96
  61922.937   522.615    15.36  178.00
  62297.785   492.060   -81.52  187.45
  62672.670   443.512  -129.51  160.96
  63047.591   423.670   -52.93  140.32
  63422.548   429.887    16.58  136.82
  63797.542   477.078   125.85  170.60
  64172.571   531.696   145.65  197.21
  64547.638   612.708   216.01  188.78
  64922.741   658.530   122.17  165.15
  65297.880   716.030   153.29  134.07
  65673.055   755.733   105.83   83.40
  66048.267   769.458    36.58   48.76
  66423.515   764.259   -13.85   53.68
  66798.800   756.619   -20.36   51.04
  67174.122   746.005   -28.28   45.74
  67549.479   745.172    -2.22   40.76
  67924.874   747.678     6.67   33.13
  68300.304   746.205    -3.92   27.50
  68675.771   754.940    23.27   32.37
  69051.275   761.560    17.63   37.50
  69426.815   762.976     3.77   39.22
  69802.392   769.859    18.33   33.99
  70178.006   765.510   -11.58   25.58
  70553.656   763.315    -5.84   20.69
  70929.342   769.106    15.41   20.30
  71305.065   768.976    -0.35   19.01
  71680.825   771.617     7.03   14.67
  72056.621   755.476   -42.96   30.75
  72432.454   725.280   -80.35   45.90
  72808.324   700.047   -67.13   45.74
  73184.230   675.441   -65.46   34.05
  73560.173   668.494   -18.48   23.33
  73936.153   674.387    15.67   19.66
  74312.169   682.998    22.90   21.54
  74688.222   699.851    44.82   25.83
  75064.312   714.424    38.75   26.32
  75440.438   713.440    -2.62   27.02
  75816.601   707.387   -16.09   25.28
  76192.801   707.969     1.55   26.08
  76569.038   718.690    28.50   28.85
  76945.311   730.187    30.56   24.86
  77321.622   736.940    17.95   17.71
  77697.969   725.233   -31.11   31.18
  78074.353   703.672   -57.29   39.29
  78450.773   684.641   -50.56   31.05
  78827.231   676.887   -20.60   20.99
  79203.725   681.851    13.19   21.57
  79580.257   686.969    13.59   24.40
  79956.825   699.088    32.19   35.39
  80333.430   715.906    44.66   45.62
  80710.072   727.262    30.15   47.95
  81086.751   744.165    44.88   40.34
  81463.467   750.422    16.61   33.86
  81840.219   741.532   -23.60   23.51
  82217.009   739.696    -4.87   18.12
  82593.836   738.797    -2.38   17.42
  82970.700   733.255   -14.71   14.17
  83347.600   728.905   -11.54   10.74
  83724.538   727.516    -3.68    9.84
  84101.513   723.012   -11.95   11.72
  84478.524   722.119    -2.37   20.50
  84855.573   717.769   -11.54   26.66
  85232.659   714.333    -9.11   30.20
  85609.782   710.569    -9.98   29.04
  85986.942   705.703   -12.90   24.72
  86364.139   710.707    13.27   30.96
  86741.373   727.101    43.46   46.76
  87118.644   750.994    63.34   57.68
  87495.953   772.226    56.28   57.67
  87873.298   788.703    43.67   62.58
  88250.681   783.632   -13.44   70.46
  88628.101   764.703   -50.16   73.13
  89005.558   744.387   -53.83   64.52
  89383.052   730.018   -38.07   49.39
  89760.584   729.190    -2.19   48.22
  90138.153   728.744    -1.18   45.98
  90515.759   717.530   -29.70   41.51
  90893.402   707.632   -26.21   28.87
  91271.082   712.059    11.72   26.22
  91648.800   726.368    37.89   31.21
  92026.555   741.987    41.35   32.76
  92404.347   762.041    53.09   30.79
  92782.177   777.851    41.85   34.75
  93160.044   799.226    56.57   30.23
  93537.948   812.481    35.08   25.05
  93915.890   819.190    17.75   23.03
  94293.869   820.009     2.17   21.70
  94671.885   813.369   -17.57   21.31
  95046.473   805.587   -20.78   18.76
  95417.221   801.987    -9.71   15.88
  95788.005   801.476    -1.38   16.88
  96158.825   801.137    -0.92   15.12
  96529.680   796.632   -12.15   15.47
  96900.572   792.979    -9.85   17.78
  97271.499   791.124    -5.00   20.90
  97642.463   787.683    -9.28   25.10
  98013.462   783.708   -10.72   29.52
  98384.498   779.858   -10.38   33.96
  98755.569   771.190   -23.36   38.10
  99126.676   761.314   -26.62   38.98
  99497.819   752.667   -23.30   31.08
  99868.998   740.773   -32.05   22.99
 100240.214   738.001    -7.47   23.89
 100611.465   741.476     9.36   26.67
 100982.752   756.553    40.61   39.56
 101354.076   767.439    29.32   39.07
 101725.435   768.998     4.20   40.12
 102096.830   755.921   -35.21   36.42
 102468.262   753.637    -6.15   35.89
 102839.729   760.244    17.79   38.19
 103211.233   759.512    -1.97   40.36
 103582.773   750.650   -23.85   48.32
 103954.349   722.387   -76.07   42.02
 104325.961   702.047   -54.74   21.16
 104697.609   696.726   -14.32   17.40
 105069.294   694.314    -6.49   17.70
 105441.014   701.755    20.02   28.77
 105812.771   709.090    19.73   38.52
 106184.564   726.214    46.06   44.56
 106556.393   739.002    34.40   44.60
 106928.259   742.887    10.45   41.29
 107300.160   750.703    21.02   39.59
 107672.098   749.333    -3.68   36.85
 108044.072   734.190   -40.71   39.05
 108416.083   724.750   -25.38   41.32
 108788.130   713.458   -30.35   38.31
 109160.213   699.878   -36.50   31.47
 109532.332   688.895   -29.52   30.80
 109904.488   681.109   -20.93   38.35
 110276.680   657.369   -63.79   33.35
 110648.908   639.752   -47.33   32.40
 111021.173   625.030   -39.55   32.57
 111393.474   614.065   -29.45   24.90
 111765.812   608.387   -15.25   20.90
 112138.185   602.314   -16.31   15.99
 112510.596   601.441    -2.34   15.93
 112883.042   597.922    -9.45   14.86
 113255.526   593.924   -10.74   11.70
 113628.045   589.738   -11.24    8.80
 114000.601   589.840     0.27   17.81
 114373.194   608.650    50.49   45.15
 114745.823   630.831    59.53   52.46
 115118.488   657.211    70.80   49.06
 115491.190   673.530    43.79   37.23
 115863.929   670.101    -9.20   38.42
 116236.704   637.769   -86.74   57.51
 116609.516   609.478   -75.89   58.58
 116982.364   587.047   -60.17   43.03
 117355.249   590.072     8.11   41.59
 117728.170   606.869    45.05   52.35
 118101.128   616.714    26.40   49.44
 118474.123   617.281     1.52   51.74
 118847.154   614.659    -7.03   68.40
 119220.222   606.931   -20.72   76.10
 119593.326   597.333   -25.73   79.10
 119966.467   580.030   -46.38   72.70
 120339.645   569.637   -27.85   72.27
 120712.859   566.683    -7.92   74.29
 121086.111   551.226   -41.42   66.49
 121459.399   538.609   -33.80   51.85
 121832.723   535.583    -8.11   39.37
 122206.085   545.632    26.92   49.15
 122579.483   546.128     1.33   54.88
 122952.918   538.732   -19.81   61.77
 123326.389   516.948   -58.34   60.46
 123699.898   508.078   -23.75   55.13
 124073.443   495.405   -33.93   46.03
 124447.025   487.299   -21.70   36.46
 124820.644   482.840   -11.94   23.73
 125194.299   485.047     5.91   16.92
 125567.992   496.035    29.41   22.89
 125941.721   523.565    73.67   41.08
 126315.488   566.205   114.10   53.04
 126689.291   599.458    88.97   48.09
 127063.131   618.632    51.30   38.79
 127437.008   634.744    43.10   36.69
 127810.922   646.983    32.74   34.24
 128184.872   632.280   -39.32   43.05
 128558.860   607.997   -64.94   64.86
 128932.885   580.637   -73.16   63.10
 129306.947   554.922   -68.75   44.52
 129681.045   546.369   -22.87   32.03
 130055.181   547.369     2.67   29.41
 130429.354   558.632    30.11   27.56
 130803.563   571.369    34.04   22.53
 131177.810   570.655    -1.91   28.78
 131552.094   561.594   -24.21   32.29
 131926.415   548.576   -34.78   35.56
 132300.773   530.114   -49.32   26.41
 132675.168   515.369   -39.39   18.86
 133049.600   507.776   -20.28   15.22
 133424.069   506.137    -4.38   16.13
 133798.576   508.601     6.58   17.78
 134173.119   513.262    12.45   22.09
 134547.700   529.650    43.76   28.80
 134922.318   544.041    38.42   27.53
 135296.973   569.650    68.36   32.65
 135671.665   581.541    31.74   36.85
 136046.395   569.036   -33.37   54.87
 136421.161   537.083   -85.27   71.51
 136795.965   495.726  -110.36   70.86
 137170.806   456.773  -103.93   58.66
 137545.685   428.278   -76.02   42.09
 137920.600   410.490   -47.45   24.10
 138295.553   405.632   -12.96   22.60
 138670.543   407.851     5.92   22.87
 139045.571   421.150    35.47   36.15
 139420.636   430.762    25.63   45.49
 139795.738   438.047    19.43   45.42
 140170.877   434.278   -10.05   45.34
 140546.054   423.994   -27.41   38.38
 140921.268   413.296   -28.52   23.96
 141296.520   409.250   -10.78   19.98
