# NaN NaN NaN ;Mean Elev.(m), Avg Gradient(m/km), RMS Gradient(m/km) - SRTM1     
#    0.667  -5.462   9.510 ;Mean Elev.(m), Avg Gradient(m/km), RMS Gradient(m/km) - ASTER GDEM
#    2.613  -5.333   9.222 ;Mean Elev.(m), Avg Gradient(m/km), RMS Gradient(m/km) - GMTED2010 
  7    91.419 52461.08919087  9.57 288.764364  46.765911  4.649
  7    94.473 52461.08919151  8.34 288.763084  46.769161  4.649
  7    95.021 52461.08919216  9.41 288.761804  46.772411  4.649
  7    94.943 52461.08919280  9.44 288.760524  46.775661  4.649
  9    70.947 52531.08917519 11.29 288.753970  46.756715  6.963
  9    64.984 52531.08917584 10.08 288.752690  46.759965  6.963
 10    52.388 52566.08919673 12.80 288.763865  46.763156  5.083
 10    54.413 52566.08919737 12.15 288.762585  46.766406  5.083
 11    79.733 52601.08921252 15.42 288.759631  46.760994  3.501
 11    81.330 52601.08921316 14.80 288.758351  46.764244  3.501
 11    86.820 52601.08921381 13.87 288.757071  46.767494  3.501
 11    87.830 52601.08921445 13.54 288.755791  46.770744  3.501
 12    94.417 52636.08917461  6.79 288.755068  46.759314  3.737
 12    95.580 52636.08917526  6.11 288.753788  46.762564  3.737
 12    99.130 52636.08917590  5.33 288.752508  46.765814  3.737
 12    97.331 52636.08917655  5.64 288.751228  46.769064  3.737
 13    91.955 52671.08918134  6.05 288.761123  46.761658  2.944
 13    90.742 52671.08918198  6.68 288.759843  46.764908  2.944
 13    88.148 52671.08918263  7.33 288.758563  46.768148  2.944
 13    86.583 52671.08918327  8.79 288.757283  46.771398  2.944
 14    92.081 52706.08917693  5.37 288.759486  46.761444  2.598
 14    94.192 52706.08917757  5.29 288.758206  46.764694  2.598
 14    97.912 52706.08917822  6.16 288.756926  46.767934  2.598
 14    95.294 52706.08917886  5.44 288.755646  46.771184  2.598
 15    46.569 52741.08921059 17.02 288.759972  46.763478  5.138
 15    43.107 52741.08921123 18.18 288.758692  46.766728  5.138
 15    53.601 52741.08921188 17.12 288.757412  46.769968  5.138
 16     5.286 52776.08915605 22.09 288.769641  46.768028  9.146
 16    45.222 52776.08915670 16.11 288.768361  46.771278  9.146
 16     3.725 52776.08915734 17.49 288.767081  46.774528  9.146
 16     2.052 52776.08915799 19.10 288.765811  46.777778  9.146
 16     2.043 52776.08915863 31.31 288.764521  46.781018  9.146
 17    80.047 52811.08923099 10.15 288.754573  46.757321  7.036
 17    85.156 52811.08923164  9.25 288.753293  46.760571  7.036
 17    87.133 52811.08923228  8.92 288.752013  46.763821  7.036
 17    85.176 52811.08923293 10.92 288.750733  46.767071  7.036
 22    79.128 52986.08926199 12.23 288.766134  46.764501  3.694
 22    80.239 52986.08926264 12.19 288.764854  46.767751  3.694
 22    90.800 52986.08926328 10.62 288.763574  46.770991  3.694
 22    92.325 52986.08926392  9.06 288.762294  46.774241  3.694
 22    92.823 52986.08926457  8.59 288.761014  46.777491  3.694
 23    79.246 53021.08925181  9.74 288.767116  46.763977  2.926
 23    80.679 53021.08925246  9.07 288.765836  46.767227  2.926
 23    85.075 53021.08925310  8.12 288.764556  46.770477  2.926
 23    91.511 53021.08925375  6.16 288.763276  46.773717  2.926
 23    92.334 53021.08925439  5.19 288.761996  46.776967  2.926
 23    92.566 53021.08925504  6.02 288.760716  46.780217  2.926
 24    91.832 53056.08924110  5.94 288.762702  46.764803  2.733
 24    95.977 53056.08924175  6.73 288.761422  46.768043  2.733
 24    96.857 53056.08924239  6.79 288.760142  46.771293  2.733
 28    53.334 53196.08930877 12.82 288.762955  46.763263  5.402
 28    67.214 53196.08930941 11.15 288.761675  46.766513  5.402
 30    51.846 53266.08926245 12.84 288.767471  46.763199  4.322
 30    55.296 53266.08926309 10.40 288.766191  46.766449  4.322
 30    63.411 53266.08926438  9.59 288.763631  46.772939  4.322
 31    80.602 53301.08931190  9.92 288.750031  46.757888  6.294
 31    88.701 53301.08931383 11.33 288.746191  46.767638  6.294
 32    80.300 53336.08928317 11.12 288.761716  46.763123  3.788
 32    81.664 53336.08928382 10.51 288.760436  46.766363  3.788
 32    94.232 53336.08928511 10.51 288.757876  46.772863  3.788
 33    81.230 53371.08922050 11.89 288.770006  46.764295  4.703
 33    81.949 53371.08922114 10.64 288.768726  46.767545  4.703
 33    83.033 53371.08922179 10.29 288.767446  46.770785  4.703
 33    87.918 53371.08922243  9.29 288.766166  46.774035  4.703
 33    89.048 53371.08922308  8.67 288.764886  46.777285  4.703
 33    86.126 53371.08922372  9.79 288.763606  46.780535  4.703
 35    82.240 53441.08924230  8.72 288.767241  46.764838  2.580
 35    84.572 53441.08924295  7.48 288.765961  46.768078  2.580
 35    94.801 53441.08924359  5.92 288.764681  46.771328  2.580
 35    97.558 53441.08924424  4.59 288.763401  46.774578  2.580
 35    95.778 53441.08924488  5.63 288.762121  46.777828  2.580
 36    79.089 53476.08930788 12.23 288.755199  46.757363  5.043
 36    80.844 53476.08930852 11.35 288.753919  46.760613  5.043
 36    81.570 53476.08930917 11.19 288.752639  46.763863  5.043
 36    88.083 53476.08930981  9.87 288.751359  46.767113  5.043
 38    63.630 53546.08934018 10.39 288.758618  46.762013  4.609
 38    66.263 53546.08934082 10.02 288.757338  46.765263  4.609
 42    58.838 53686.08928895 11.57 288.758370  46.760151  3.963
 42    64.761 53686.08928960 10.95 288.757090  46.763401  3.963
 43    78.836 53721.08921585  8.07 288.768943  46.766511  3.305
 43    81.408 53721.08921650  7.06 288.767663  46.769751  3.305
 43    81.426 53721.08921714  6.96 288.766383  46.773001  3.305
 43    93.456 53721.08921779  3.49 288.765103  46.776251  3.305
 43    93.700 53721.08921843  2.71 288.763823  46.779501  3.305
 44    79.683 53756.08914375  9.52 288.763357  46.763914  3.268
 44    80.928 53756.08914439  9.64 288.762077  46.767154  3.268
 44    85.790 53756.08914504  7.85 288.760797  46.770404  3.268
 44    91.051 53756.08914568  7.96 288.759517  46.773654  3.268
 44    92.174 53756.08914633  5.69 288.758227  46.776894  3.268
 45    79.734 53791.08917136  8.12 288.765896  46.765692  3.034
 45    81.459 53791.08917201  7.90 288.764616  46.768942  3.034
 45    95.401 53791.08917265  5.78 288.763336  46.772192  3.034
 45    95.909 53791.08917330  3.71 288.762056  46.775442  3.034
 45    96.092 53791.08917394  3.15 288.760776  46.778682  3.034
 46    44.892 53826.08913088 18.38 288.759590  46.761246  6.609
 46    24.069 53826.08913153 18.80 288.758310  46.764496  6.609
 46    24.057 53826.08913217 20.65 288.757030  46.767746  6.609
 46    23.724 53826.08913282 20.91 288.755750  46.770986  6.609
 48    91.475 53896.08924169 12.19 288.760898  46.762013  4.380
 48    93.378 53896.08924234 11.84 288.759618  46.765263  4.380
 48    94.903 53896.08924363 10.39 288.757058  46.771753  4.380
 49    83.743 53931.08929268  9.15 288.753584  46.758212  4.859
 49    87.835 53931.08929396  8.91 288.751024  46.764702  4.859
 49    83.097 53931.08929461 11.99 288.749744  46.767952  4.859
 51    80.793 54001.08922965  9.69 288.756099  46.760069  4.346
 51    87.458 54001.08923030  9.44 288.754819  46.763319  4.346
 51    96.468 54001.08923159 10.29 288.752259  46.769819  4.346
 52    64.559 54036.08927125 11.18 288.761377  46.763499  4.196
 52    66.732 54036.08927189 10.37 288.760097  46.766739  4.196
 53    80.161 54071.08926527  9.16 288.763127  46.763524  3.902
 53    81.048 54071.08926592  9.78 288.761847  46.766764  3.902
 53    83.603 54071.08926656  7.92 288.760567  46.770014  3.902
 53    85.734 54071.08926721  7.57 288.759287  46.773264  3.902
 54    80.325 54106.08921803 15.84 288.766483  46.765798  3.229
 54    83.863 54106.08921868 14.98 288.765203  46.769048  3.229
 54    85.325 54106.08921932 14.23 288.763923  46.772288  3.229
 54    89.685 54106.08921997 13.80 288.762643  46.775538  3.229
 54    92.465 54106.08922061 14.02 288.761363  46.778788  3.229
 55    92.422 54141.08919797  8.04 288.758848  46.759550  2.926
 55    97.725 54141.08919861  6.44 288.757568  46.762790  2.926
 55    94.908 54141.08919926  6.55 288.756288  46.766040  2.926
 55    95.702 54141.08919990  7.56 288.755008  46.769290  2.926
 56    90.513 54176.08919870  9.31 288.764045  46.764080  2.625
 56    92.077 54176.08919935  7.05 288.762765  46.767330  2.625
 56    92.645 54176.08919999  6.11 288.761485  46.770580  2.625
 56    93.472 54176.08920063  6.02 288.760205  46.773820  2.625
 56    93.974 54176.08920128  6.12 288.758925  46.777070  2.625
 57    51.237 54211.08920555 14.14 288.756781  46.763696  4.783
 57    52.753 54211.08920620 13.54 288.755501  46.766936  4.783
 57    55.241 54211.08920684 12.48 288.754221  46.770186  4.783
 58    56.628 54246.08923556 10.67 288.759762  46.763159  5.894
 58    67.434 54246.08923621 10.34 288.758482  46.766399  5.894
 63    80.069 54421.08916198 12.19 288.763934  46.764415  2.813
 63    82.669 54421.08916263 11.18 288.762654  46.767655  2.813
 63    84.271 54421.08916327 10.85 288.761374  46.770905  2.813
 63    87.145 54421.08916392 10.32 288.760094  46.774155  2.813
 64    86.360 54456.08915551  5.22 288.758102  46.758685  4.013
 64    91.253 54456.08915616  4.61 288.756822  46.761935  4.013
 64    87.497 54456.08915680  5.39 288.755542  46.765175  4.013
 64    87.691 54456.08915745  6.69 288.754262  46.768425  4.013
 65    78.935 54491.08916290  8.87 288.764899  46.762770  3.472
 65    84.206 54491.08916355  6.82 288.763619  46.766010  3.472
 65    86.138 54491.08916419  5.53 288.762339  46.769260  3.472
 65    92.714 54491.08916484  5.30 288.761059  46.772510  3.472
 65    96.533 54491.08916548  4.73 288.759779  46.775760  3.472
 66    79.904 54526.08916882  8.14 288.760941  46.761894  3.418
 66    96.841 54526.08916946  5.63 288.759661  46.765144  3.418
 66    97.097 54526.08917011  4.56 288.758381  46.768384  3.418
 66    97.815 54526.08917075  5.11 288.757101  46.771634  3.418
 67    79.361 54561.08917169 15.49 288.764815  46.763316  3.276
 67    80.637 54561.08917233 15.22 288.763535  46.766566  3.276
 67    85.458 54561.08917298 14.26 288.762255  46.769816  3.276
 67    86.392 54561.08917362 13.36 288.760975  46.773066  3.276
 67    85.726 54561.08917426 14.10 288.759695  46.776306  3.276
 68    54.048 54596.08916506 12.16 288.761153  46.762150  5.177
 68    55.248 54596.08916571 11.75 288.759873  46.765400  5.177
 68    67.482 54596.08916635 11.22 288.758593  46.768650  5.177
 69    52.145 54631.08917879 11.78 288.760321  46.762756  5.909
 69    58.297 54631.08917943 10.16 288.759041  46.766006  5.909
 71    56.473 54701.08915430 11.35 288.766830  46.765503  4.636
 71    62.694 54701.08915495 10.36 288.765550  46.768753  4.636
 71    68.037 54701.08915559  9.78 288.764270  46.772003  4.636
 72    62.834 54736.08914393 11.34 288.758790  46.758379  5.282
 72    57.984 54736.08914457 11.54 288.757510  46.761629  5.282
 74    79.494 54806.08913746 10.00 288.757809  46.758162  3.615
 74    83.470 54806.08913810 10.00 288.756529  46.761412  3.615
 74    95.023 54806.08913875  7.80 288.755249  46.764652  3.615
 74    99.058 54806.08913939  7.11 288.753969  46.767902  3.615
 75    85.183 54841.08913049  7.06 288.761586  46.765358  3.573
 75    91.365 54841.08913114  4.99 288.760306  46.768608  3.573
 75    91.514 54841.08913178  5.20 288.759026  46.771848  3.573
 76    82.541 54876.08913897  8.25 288.759426  46.760195  2.495
 76    93.429 54876.08913961  6.48 288.758146  46.763445  2.495
 76    94.522 54876.08914025  6.51 288.756866  46.766685  2.495
 76    95.666 54876.08914090  5.13 288.755586  46.769935  2.495
 77    79.320 54911.08913521 11.20 288.764382  46.763349  3.050
 77    80.539 54911.08913585  9.75 288.763112  46.766599  3.050
 77    91.929 54911.08913650  8.02 288.761832  46.769849  3.050
 77    92.972 54911.08913714  5.75 288.760552  46.773089  3.050
 77    96.906 54911.08913779  5.99 288.759262  46.776339  3.050
 78    58.361 54946.08913204 12.25 288.757533  46.760360  6.672
 78    64.572 54946.08913268 11.57 288.756253  46.763610  6.672
 78    57.121 54946.08913333 11.09 288.754973  46.766850  6.672
 78    66.394 54946.08913397 11.94 288.753693  46.770100  6.672
 79    63.706 54981.08915839 15.66 288.760595  46.761767  6.836
 79    66.842 54981.08915904 15.16 288.759315  46.765017  6.836
 80    61.802 55016.08915957 14.76 288.761750  46.762003  5.187
 80    65.609 55016.08916021 13.88 288.760470  46.765253  5.187
 81    54.940 55051.08915472 12.63 288.762275  46.764494  4.615
 81    57.336 55051.08915536 11.86 288.760995  46.767744  4.615
 81    68.832 55051.08915601 10.72 288.759715  46.770984  4.615
 82    78.853 55086.08911985 11.93 288.766636  46.763859  3.601
 82    85.468 55086.08912113  9.27 288.764076  46.770359  3.601
 83    58.887 55121.08908769 11.07 288.760090  46.761098  5.361
 83    59.559 55121.08908834 10.34 288.758810  46.764348  5.361
 83    58.173 55121.08908898 10.29 288.757530  46.767588  5.361
 83    63.203 55121.08908963 10.10 288.756250  46.770838  5.361
 85    97.404 55191.08907739  5.80 288.757057  46.761026  3.916
 85    98.508 55191.08907803  6.06 288.755777  46.764276  3.916
 85    99.022 55191.08907868  5.23 288.754497  46.767516  3.916
 85    99.254 55191.08907932  6.24 288.753217  46.770766  3.916
 86    80.558 55226.08908042  7.39 288.762417  46.764905  2.656
 86    84.938 55226.08908106  6.56 288.761137  46.768155  2.656
 86    87.119 55226.08908171  4.97 288.759857  46.771395  2.656
 87    83.240 55261.08907303  9.39 288.761409  46.762797  2.769
 87    93.359 55261.08907367  8.12 288.760129  46.766047  2.769
 87    97.697 55261.08907432  6.67 288.758849  46.769287  2.769
 87    97.599 55261.08907496  5.54 288.757569  46.772537  2.769
 88    52.502 55296.08906552 14.87 288.765614  46.763302  3.374
 88    64.485 55296.08906616 13.52 288.764334  46.766552  3.374
 92    82.524 55436.08906485 10.94 288.763641  46.765577  3.651
 92    84.549 55436.08906550  9.90 288.762361  46.768817  3.651
 92    93.262 55436.08906679  9.28 288.759801  46.775317  3.651
 93    55.975 55471.08901613 15.46 288.768462  46.763378  4.810
 93    56.605 55471.08901677 14.18 288.767182  46.766628  4.810
 93    66.212 55471.08901742 13.52 288.765902  46.769878  4.810
