-236664.665   459.562     0.00   22.40
-236290.366   458.985    -1.54   22.20
-235916.035   468.584    25.64   31.57
-235541.673   483.423    39.63   36.56
-235167.278   502.886    51.97   36.16
-234792.853   533.364    81.38   45.08
-234418.395   558.967    68.36   48.56
-234043.905   577.053    48.28   40.01
-233669.384   577.853     2.13   40.61
-233294.831   550.113   -74.04   50.79
-232920.246   514.933   -93.90   38.97
-232545.629   494.916   -53.42   25.82
-232170.981   486.619   -22.14   20.79
-231796.300   493.496    18.35   25.31
-231421.588   505.746    32.68   32.15
-231046.844   526.270    54.76   36.99
-230672.068   545.924    52.43   42.99
-230297.260   567.638    57.92   44.20
-229922.421   591.948    64.84   45.41
-229547.549   602.957    29.36   41.13
-229172.646   601.781    -3.14   41.17
-228797.710   581.972   -52.82   58.12
-228422.743   554.835   -72.36   56.73
-228047.744   525.358   -78.59   38.10
-227672.712   507.089   -48.70   41.34
-227297.649   505.509    -4.21   44.57
-226922.554   511.303    15.44   44.39
-226547.427   518.734    19.81   46.43
-226172.268   546.580    74.21   47.49
-225797.077   570.776    64.48   44.45
-225421.854   592.111    56.85   43.82
-225046.599   613.130    56.00   40.06
-224671.312   635.434    59.42   36.15
-224295.992   644.599    24.42   33.27
-223920.641   641.734    -7.63   33.36
-223545.258   629.638   -32.22   37.50
-223169.843   614.972   -39.06   46.00
-222794.395   597.580   -46.31   50.10
-222418.916   574.347   -61.86   49.24
-222043.404   550.466   -63.58   43.92
-221667.860   531.207   -51.27   40.35
-221292.285   520.589   -28.27   30.31
-220916.677   507.599   -34.58   25.17
-220541.037   495.746   -31.55   26.81
-220165.364   489.423   -16.83   24.79
-219789.660   491.031     4.28   35.36
-219413.924   495.837    12.79   38.13
-219038.155   489.893   -15.81   34.62
-218662.354   473.462   -43.71   29.76
-218286.521   460.419   -34.70   18.03
-217910.656   457.641    -7.39   15.55
-217534.758   462.717    13.50   18.16
-217158.828   464.053     3.55   17.62
-216782.866   461.355    -7.17   18.07
-216406.872   452.027   -24.80   18.89
-216030.846   442.971   -24.08   17.99
-215654.787   436.592   -16.96   20.14
-215278.696   431.281   -14.12   23.97
-214902.572   426.627   -12.37   23.24
-214526.417   426.919     0.77   17.95
-214150.229   429.707     7.41   13.49
-213774.009   439.707    26.57   14.68
-213397.756   452.898    35.05   19.78
-213021.471   467.592    39.04   28.45
-212645.154   489.244    57.53   35.49
-212268.804   511.266    58.50   35.30
-211892.422   520.438    24.36   27.73
-211516.008   525.911    14.54   22.30
-211139.561   517.587   -22.11   24.53
-210763.082   506.966   -28.20   24.32
-210386.570   502.476   -11.92   23.84
-210010.026   493.355   -24.22   23.89
-209633.450   482.384   -29.13   28.08
-209256.841   459.226   -61.48   29.46
-208880.200   429.115   -79.93   34.88
-208503.526   400.287   -76.52   35.38
-208126.820   370.807   -78.24   33.89
-207750.081   345.611   -66.87   24.21
-207373.310   329.077   -43.87   19.27
-206996.506   314.521   -38.62   19.10
-206619.670   298.996   -41.19   25.97
-206242.801   273.985   -66.35   35.44
-205865.900   246.907   -71.83   34.72
-205488.966   232.116   -39.23   25.27
-205112.000   225.957   -16.34   20.87
-204735.001   228.337     6.31   23.68
-204357.969   233.344    13.28   23.70
-203980.905   236.109     7.33   24.17
-203603.808   234.892    -3.23   22.67
-203226.679   232.403    -6.60   18.99
-202849.517   233.971     4.16   19.83
-202472.323   237.573     9.55   20.48
-202095.095   246.938    24.82   22.88
-201717.835   259.638    33.66   25.48
-201340.543   267.247    20.16   22.10
-200963.218   274.429    19.03   19.88
-200585.860   283.707    24.58   25.22
-200208.469   285.407     4.50   24.22
-199831.046   293.462    21.34   23.81
-199453.590   300.226    17.92   20.91
-199076.102   298.919    -3.46   17.56
-198698.580   297.987    -2.47   18.84
-198321.026   288.726   -24.53   30.05
-197943.439   283.501   -13.83   36.17
-197565.820   278.843   -12.33   39.05
-197188.167   275.972    -7.60   41.18
-196810.482   280.149    11.06   42.06
-196438.279   283.034     7.75   42.45
-196066.985   284.027     2.67   41.92
-195695.658   284.207     0.48   41.45
-195324.300   289.287    13.68   44.14
-194952.910   294.374    13.69   46.54
-194581.489   304.660    27.69   46.58
-194210.036   321.189    44.49   43.84
-193838.551   340.880    53.00   34.94
-193467.034   357.245    44.04   26.83
-193095.486   366.396    24.62   21.39
-192723.906   372.952    17.64   17.32
-192352.295   381.615    23.31   17.69
-191980.652   393.747    32.64   22.71
-191608.977   405.225    30.88   22.98
-191237.270   415.501    27.64   34.66
-190865.531   421.874    17.14   41.67
-190493.761   429.000    19.16   43.15
-190121.959   443.403    38.73   43.98
-189750.125   468.716    68.06   57.57
-189378.260   496.018    73.41   59.73
-189006.363   511.832    42.51   50.99
-188634.433   510.795    -2.79   42.70
-188262.472   503.059   -20.79   34.82
-187890.480   487.717   -41.23   33.47
-187518.455   467.756   -53.64   35.98
-187146.399   444.092   -63.59   46.34
-186774.310   420.991   -62.07   46.45
-186402.190   414.916   -16.32   39.42
-186030.038   421.515    17.73   39.03
-185657.854   446.584    67.35   48.23
-185285.638   468.303    58.34   36.49
-184913.390   480.509    32.78   24.15
-184541.111   486.811    16.93   19.87
-184168.799   488.880     5.56   17.43
-183796.456   482.534   -17.04   17.74
-183424.080   475.303   -19.41   22.89
-183051.673   461.515   -37.02   25.12
-182679.233   453.377   -21.85   22.15
-182306.762   454.286     2.44   22.75
-181934.258   460.011    15.37   27.90
-181561.723   469.899    26.54   40.51
-181189.156   466.311    -9.63   54.62
-180816.556   451.466   -39.83   58.99
-180443.925   438.342   -35.22   51.78
-180071.261   426.298   -32.31   37.24
-179698.566   421.130   -13.86   26.81
-179325.838   415.898   -14.03   26.83
-178953.079   408.756   -19.16   27.80
-178580.287   396.496   -32.88   24.68
-178207.463   386.358   -27.19   23.34
-177834.607   386.187    -0.46   23.83
-177461.719   397.170    29.45   34.48
-177088.799   417.697    55.03   47.27
-176715.847   439.743    59.10   68.49
-176342.863   455.899    43.31   81.75
-175969.846   468.151    32.84  101.63
-175596.797   470.849     7.23   99.81
-175223.717   478.580    20.72   96.12
-174850.604   478.716     0.37   83.42
-174477.458   471.407   -19.58   67.79
-174104.281   438.880   -87.15   64.27
-173731.071   405.227   -90.16   64.58
-173357.829   364.355  -109.48   58.41
-172984.555   321.735  -114.16   36.05
-172611.249   288.207   -89.80   38.51
-172237.910   254.753   -89.59   42.67
-171864.540   235.496   -51.57   31.73
-171491.137   230.862   -12.41   24.37
-171117.701   245.547    39.32   30.24
-170744.234   266.522    56.15   31.58
-170370.734   284.534    48.22   32.12
-169997.201   289.874    14.29   34.11
-169623.637   299.781    26.52   34.00
-169250.040   298.380    -3.75   29.88
-168876.411   301.443     8.20   24.37
-168502.749   304.823     9.04   21.74
-168129.055   309.633    12.87   18.01
-167755.329   314.107    11.97   14.74
-167381.570   316.765     7.11   12.56
-167007.779   317.803     2.78   16.59
-166633.955   318.795     2.65   18.07
-166260.099   318.466    -0.88   20.20
-165886.211   319.303     2.24   19.06
-165512.290   321.726     6.48   21.36
-165138.337   320.384    -3.59   26.97
-164764.351   318.286    -5.61   29.12
-164390.333   318.499     0.57   30.57
-164016.282   320.599     5.61   27.61
-163642.199   324.284     9.85   25.49
-163268.084   322.226    -5.50   31.33
-162893.936   316.364   -15.67   36.35
-162519.755   311.073   -14.14   40.42
-162145.542   302.226   -23.64   35.78
-161771.296   299.353    -7.68   34.22
-161397.018   294.133   -13.94   30.90
-161022.707   295.830     4.53   32.11
-160648.364   293.825    -5.35   33.23
-160273.988   293.457    -0.98   35.41
-159899.579   294.429     2.60   39.21
-159525.138   288.976   -14.56   35.74
-159150.665   287.380    -4.26   33.34
-158776.158   288.726     3.59   26.53
-158401.619   295.669    18.53   23.72
-158027.048   298.744     8.21   18.97
-157652.443   312.018    35.43   25.11
-157277.807   326.921    39.77   30.91
-156903.137   339.874    34.56   30.62
-156528.435   357.207    46.25   32.07
-156153.700   374.471    46.06   34.05
-155778.932   385.867    30.40   35.65
-155404.132   397.134    30.06   40.10
-155029.299   405.442    22.16   42.79
-154654.433   418.171    33.95   51.22
-154279.534   427.111    23.84   44.68
-153904.603   438.396    30.09   37.71
-153529.639   458.516    53.65   43.68
-153154.642   493.344    92.86   57.88
-152779.612   528.837    94.62   60.16
-152404.550   544.767    42.47   51.68
-152029.455   526.534   -48.60   61.17
-151654.327   481.547  -119.91   73.48
-151279.166   440.611  -109.10   67.52
-150903.972   403.589   -98.66   46.16
-150528.745   379.018   -65.47   31.23
-150153.486   365.171   -36.89   26.53
-149778.194   356.507   -23.08   18.19
-149402.869   352.830    -9.80   12.00
-149027.510   359.924    18.90   22.10
-148652.119   374.688    39.32   34.50
-148276.696   393.280    49.52   42.40
-147901.239   405.773    33.27   44.83
-147525.749   417.796    32.02   47.27
-147150.226   429.867    32.14   51.24
-146774.671   444.763    39.66   53.37
-146399.082   462.111    46.18   67.88
-146023.461   479.842    47.20   77.06
-145647.806   500.003    53.66   93.82
-145272.119   519.803    52.70   96.87
-144896.398   527.898    21.54  105.47
-144520.645   532.000    10.91  103.08
-144144.858   512.466   -51.97   87.31
-143769.038   487.807   -65.60   73.08
-143393.186   466.962   -55.45   68.11
-143017.300   437.943   -77.19   52.64
-142641.381   433.476   -11.88   48.45
-142265.429   436.607     8.33   47.41
-141889.444   448.773    32.35   49.08
-141513.426   451.911     8.34   41.62
-141137.375   446.374   -14.72   33.96
-140761.291   436.962   -25.02   37.53
-140385.174   417.034   -52.98   47.03
-140009.023   399.151   -47.54   48.47
-139632.839   377.429   -57.73   38.08
-139256.622   362.592   -39.43   30.73
-138880.372   343.130   -51.72   27.56
-138504.089   327.790   -40.76   23.09
-138127.773   313.457   -38.08   15.90
-137751.423   307.784   -15.07   17.21
-137375.040   307.053    -1.94   24.21
-136998.624   312.592    14.71   34.95
-136622.175   324.265    31.00   52.04
-136245.692   334.528    27.26   62.62
-135869.176   343.186    22.99   66.06
-135492.627   360.485    45.93   63.25
-135116.045   374.679    37.69   64.49
-134739.429   380.243    14.77   55.95
-134362.780   370.442   -26.02   53.99
-133986.098   337.880   -86.43   61.45
-133609.383   288.015  -132.35   63.01
-133232.634   248.874  -103.88   49.96
-132855.851   217.094   -84.33   48.30
-132479.036   201.924   -40.25   52.69
-132102.187   196.934   -13.24   55.77
-131725.304   190.462   -17.17   60.05
-131348.389   186.149   -11.44   58.78
-130971.440   165.633   -54.42   51.34
-130594.457   151.438   -37.65   38.16
-130217.441   147.962    -9.22   23.82
-129840.392   161.265    35.28   33.76
-129463.309   181.457    53.54   36.13
-129086.192   208.815    72.54   32.24
-128709.043   218.592    25.92   36.09
-128331.859   213.652   -13.10   43.38
-127954.643   200.092   -35.94   52.81
-127577.392   179.698   -54.05   48.47
-127200.109   160.396   -51.15   40.23
-126822.792   149.136   -29.84   30.68
-126445.441   141.323   -20.70   19.35
-126068.056   140.830    -1.31   17.48
-125690.639   139.763    -2.83   15.97
-125313.187   143.167     9.02   15.07
-124935.702   146.600     9.09   16.44
-124558.184   153.773    19.00   21.78
-124180.632   161.818    21.31   25.06
-123803.046   171.490    25.61   24.57
-123425.426   181.905    27.58   25.04
-123047.773   194.368    33.00   26.57
-122670.087   204.913    27.92   28.43
-122292.367   216.529    30.75   27.46
-121914.613   229.034    33.10   23.83
-121542.111   236.528    20.12   20.69
-121170.913   241.734    14.02   17.95
-120799.682   245.323     9.66   15.10
-120428.419   247.743     6.52   13.68
-120057.123   254.327    17.73   13.90
-119685.795   266.443    32.63   19.48
-119314.434   281.452    40.41   24.73
-118943.041   304.811    62.89   36.45
-118571.616   330.303    68.63   44.53
-118200.158   356.286    69.94   49.67
-117828.667   376.832    55.30   52.11
-117457.144   398.823    59.18   55.05
-117085.588   417.771    50.99   64.52
-116714.000   447.226    79.26   74.26
-116342.379   467.337    54.11   62.82
-115970.726   467.186    -0.40   54.53
-115599.040   428.323  -104.55   69.93
-115227.322   371.765  -152.13   64.06
-114855.571   331.151  -109.24   43.20
-114483.787   308.169   -61.81   30.48
-114111.971   307.389    -2.10   43.92
-113740.122   303.011   -11.77   48.55
-113368.240   302.905    -0.28   43.25
-112996.326   307.669    12.81   33.80
-112624.379   305.496    -5.84   28.90
-112252.400   311.077    15.00   30.44
-111880.387   312.727     4.43   30.90
-111508.343   307.654   -13.64   25.18
-111136.265   300.037   -20.47   25.74
-110764.155   288.389   -31.30   21.09
-110392.012   271.746   -44.72   18.12
-110019.836   257.113   -39.31   20.39
-109647.627   238.534   -49.91   25.10
-109275.386   221.756   -45.07   21.82
-108903.112   207.734   -37.66   15.35
-108530.805   196.947   -28.97    9.48
-108158.466   190.448   -17.45    7.04
-107786.094   185.698   -12.76    4.52
-107413.688   184.592    -2.97    4.73
-107041.250   185.837     3.34    6.93
-106668.780   186.592     2.03    7.09
-106296.276   183.989    -6.99    9.32
-105923.740   180.773    -8.63   10.49
-105551.170   176.781   -10.71    9.31
-105178.568   177.207     1.14   15.10
-104805.933   189.452    32.86   25.09
-104433.265   195.957    17.45   25.61
-104060.564   192.339    -9.71   29.58
-103687.831   179.207   -35.23   33.24
-103315.064   160.989   -48.87   25.11
-102942.264   144.521   -44.17   14.93
-102569.432   132.943   -31.05   13.07
-102196.566   122.919   -26.88   14.31
-101823.668   113.717   -24.67   10.51
-101450.736   108.892   -12.94    5.49
-101077.772   106.688    -5.91    3.46
-100704.775   108.546     4.98    4.86
-100331.744   111.962     9.15    6.91
 -99958.681   116.425    11.96    9.58
 -99585.584   123.476    18.90   11.24
 -99212.455   130.633    19.18   10.73
 -98839.292   136.993    17.04    9.44
 -98466.097   138.874     5.04    7.23
 -98092.868   134.022   -13.00   11.15
 -97719.606   126.286   -20.72   12.24
 -97346.312   119.652   -17.77    9.61
 -96972.984   114.496   -13.81    6.13
 -96599.623   112.438    -5.51    5.28
 -96226.229   108.779    -9.80    6.19
 -95852.801   105.622    -8.45    6.78
 -95479.341   102.698    -7.83    6.54
 -95105.847   100.880    -4.87    6.19
 -94732.321   101.226     0.92    5.96
 -94358.761   102.658     3.83    6.02
 -93985.168   104.339     4.50    5.52
 -93611.542   106.717     6.36    5.37
 -93237.882   109.151     6.51    4.90
 -92864.189   112.407     8.71    4.75
 -92490.464   112.573     0.44    4.96
 -92116.704   110.660    -5.12    6.38
 -91742.912   106.957    -9.91    7.82
 -91369.086   101.207   -15.38    7.13
 -90995.227    96.630   -12.24    6.91
 -90621.335    91.789   -12.95    6.95
 -90247.410    89.547    -6.00    5.92
 -89873.451    88.779    -2.05    5.17
 -89499.459    90.031     3.35    4.91
 -89125.434    90.553     1.40    4.26
 -88751.375    89.374    -3.15    4.49
 -88377.283    86.188    -8.52    4.77
 -88003.157    82.443   -10.01    5.08
 -87628.999    79.815    -7.02    4.48
 -87254.806    77.957    -4.96    3.81
 -86880.581    76.434    -4.07    3.60
 -86506.322    75.448    -2.63    2.53
 -86132.030    75.843     1.06    2.60
 -85757.704    77.325     3.96    3.39
 -85383.345    79.316     5.32    4.28
 -85008.952    81.447     5.69    4.09
 -84634.526    83.744     6.13    3.46
 -84260.066    86.075     6.22    3.67
 -83885.573    88.434     6.30    3.19
 -83511.047    89.832     3.73    2.77
 -83136.487    90.434     1.61    2.95
 -82761.893    90.921     1.30    3.30
 -82387.266    91.399     1.28    3.24
 -82012.606    91.633     0.62    3.03
 -81637.912    92.284     1.74    2.60
 -81263.184    92.207    -0.21    2.35
 -80888.423    92.115    -0.25    1.95
 -80513.628    91.981    -0.36    1.71
 -80138.800    92.263     0.75    1.50
 -79763.938    92.419     0.42    1.45
 -79389.042    92.962     1.45    1.86
 -79014.113    93.082     0.32    1.92
 -78639.150    93.281     0.53    2.32
 -78264.154    92.830    -1.20    3.72
 -77889.124    91.516    -3.50    5.64
 -77514.060    90.679    -2.23    7.50
 -77138.963    88.040    -7.03    9.05
 -76763.832    85.717    -6.19    8.62
 -76388.667    83.619    -5.59    8.03
 -76013.469    80.263    -8.94    6.99
 -75638.236    76.811    -9.20    5.79
 -75262.971    74.118    -7.18    4.51
 -74887.671    72.726    -3.71    3.90
 -74512.338    72.559    -0.45    4.52
 -74136.971    72.283    -0.74    5.13
 -73761.570    72.094    -0.50    5.84
 -73386.135    72.243     0.40    5.79
 -73010.667    73.027     2.09    6.10
 -72635.164    75.046     5.38    6.89
 -72259.628    81.811    18.01   14.83
 -71884.059    94.264    33.15   28.14
 -71508.455   124.389    80.20   60.37
 -71132.817   165.226   108.71   91.21
 -70757.146   207.546   112.64  105.97
 -70381.441   238.267    81.76  105.23
 -70005.702   236.670    -4.25  102.64
 -69629.929   211.622   -66.65   99.04
 -69254.122   173.905  -100.36   87.33
 -68878.281   137.100   -97.92   75.85
 -68502.406   105.301   -84.59   51.50
 -68126.498    83.421   -58.20   39.57
 -67750.555    65.188   -48.50   22.86
 -67374.579    54.355   -28.81    9.00
 -66998.568    48.630   -15.22    4.73
 -66622.524    44.678   -10.51    3.87
 -66246.445    42.007    -7.10    4.15
 -65870.333    40.040    -5.23    4.46
 -65494.186    38.622    -3.77    3.84
 -65118.006    38.050    -1.52    4.26
 -64741.791    37.471    -1.54    3.90
 -64365.543    37.707     0.63    3.35
 -63989.260    37.754     0.13    2.70
 -63612.943    37.800     0.12    3.65
 -63236.593    37.485    -0.84    4.69
 -62860.208    36.323    -3.09    5.07
 -62483.789    34.697    -4.32    4.83
 -62107.336    32.800    -5.04    5.00
 -61730.849    31.534    -3.36    5.14
 -61354.328    30.043    -3.96    3.76
 -60977.772    29.245    -2.12    1.85
 -60601.183    29.314     0.18    1.58
 -60224.559    29.073    -0.64    1.51
 -59847.901    28.938    -0.36    1.43
 -59471.209    28.559    -1.01    1.49
 -59094.483    28.396    -0.43    1.39
 -58717.722    28.207    -0.50    1.48
 -58340.928    27.981    -0.60    1.44
 -57964.099    28.096     0.31    1.41
 -57587.236    28.077    -0.05    1.32
 -57210.338    28.094     0.04    1.45
 -56833.407    27.989    -0.28    1.44
 -56456.441    27.893    -0.25    1.32
 -56079.440    27.975     0.22    1.35
 -55702.406    28.003     0.08    1.41
 -55325.337    28.040     0.10    1.38
 -54948.234    27.904    -0.36    1.56
 -54571.097    27.619    -0.75    1.46
 -54193.925    27.407    -0.56    1.51
 -53816.719    27.509     0.27    1.45
 -53439.478    27.280    -0.61    1.39
 -53062.203    27.059    -0.59    1.37
 -52684.894    27.034    -0.07    1.26
 -52307.550    26.779    -0.68    1.68
 -51930.172    26.611    -0.44    1.89
 -51552.760    26.618     0.02    2.25
 -51175.313    26.688     0.19    2.52
 -50797.831    25.717    -2.57    3.38
 -50420.316    25.743     0.07    4.31
 -50042.765    25.611    -0.35    4.33
 -49665.181    25.771     0.42    4.40
 -49287.561    27.073     3.45    3.56
 -48909.908    27.855     2.07    2.76
 -48532.219    28.284     1.14    2.07
 -48154.497    28.011    -0.72    2.00
 -47776.739    27.577    -1.15    2.08
 -47398.947    27.115    -1.23    2.77
 -47021.121    27.320     0.54    3.12
 -46648.250    28.127     2.16    3.28
 -46277.154    29.153     2.76    3.70
 -45906.025    30.364     3.26    3.10
 -45534.862    30.966     1.62    3.38
 -45163.666    30.886    -0.22    3.22
 -44792.437    31.082     0.53    2.86
 -44421.175    30.264    -2.20    1.80
 -44049.879    30.080    -0.50    1.04
 -43678.550    30.392     0.84    1.20
 -43307.188    30.434     0.11    1.22
 -42935.792    30.475     0.11    1.26
 -42564.363    30.287    -0.51    1.45
 -42192.901    30.244    -0.12    1.45
 -41821.405    30.188    -0.15    1.43
 -41449.876    29.744    -1.19    1.25
 -41078.313    29.811     0.18    1.23
 -40706.717    29.580    -0.62    1.23
 -40335.088    29.475    -0.28    1.09
 -39963.425    29.188    -0.77    1.13
 -39591.728    28.934    -0.68    1.08
 -39219.999    28.641    -0.79    1.14
 -38848.235    28.516    -0.34    1.07
 -38476.439    28.415    -0.27    1.20
 -38104.609    28.244    -0.46    1.21
 -37732.745    28.323     0.21    1.20
 -37360.848    28.207    -0.31    1.31
 -36988.917    27.985    -0.60    1.30
 -36616.953    28.582     1.61    2.18
 -36244.955    29.207     1.68    3.06
 -35872.924    30.264     2.84    3.32
 -35500.859    31.298     2.78    3.40
 -35128.760    30.396    -2.42    4.13
 -34756.628    28.698    -4.56    4.80
 -34384.463    26.027    -7.18    4.75
 -34012.263    22.880    -8.46    4.58
 -33640.031    22.773    -0.29    5.72
 -33267.764    23.924     3.09    7.19
 -32895.464    26.607     7.21    7.20
 -32523.130    28.765     5.79    6.03
 -32150.763    30.654     5.07    2.98
 -31778.362    30.396    -0.69    2.30
 -31405.927    29.911    -1.30    2.05
 -31033.458    30.286     1.01    2.13
 -30660.956    31.189     2.42    1.93
 -30288.420    31.476     0.77    2.12
 -29915.851    31.452    -0.06    2.11
 -29543.247    30.911    -1.45    2.19
 -29170.610    30.100    -2.18    2.04
 -28797.939    29.580    -1.40    2.15
 -28425.235    30.056     1.28    2.60
 -28052.496    30.377     0.86    2.91
 -27679.724    30.584     0.56    3.45
 -27306.918    30.332    -0.68    3.57
 -26934.078    29.227    -2.96    3.08
 -26561.205    28.136    -2.93    2.24
 -26188.297    27.689    -1.20    1.69
 -25815.356    27.546    -0.38    1.97
 -25442.381    27.371    -0.47    2.11
 -25069.372    27.471     0.27    2.27
 -24696.329    26.957    -1.38    2.27
 -24323.252    26.434    -1.40    2.30
 -23950.141    26.115    -0.85    2.42
 -23576.997    25.226    -2.38    1.77
 -23203.818    25.056    -0.46    1.52
 -22830.606    25.434     1.01    1.81
 -22457.359    26.189     2.02    2.28
 -22084.079    26.615     1.14    2.11
 -21710.765    26.540    -0.20    2.09
 -21337.416    25.886    -1.75    2.21
 -20964.034    24.726    -3.11    2.20
 -20590.618    25.115     1.04    2.89
 -20217.167    25.457     0.92    3.16
 -19843.683    26.534     2.88    3.06
 -19470.165    26.132    -1.08    3.18
 -19096.612    24.868    -3.38    2.94
 -18723.026    23.566    -3.49    2.39
 -18349.405    23.615     0.13    2.63
 -17975.751    23.868     0.68    3.32
 -17602.062    23.521    -0.93    4.07
 -17228.339    22.607    -2.44    4.68
 -16854.582    20.707    -5.08    4.31
 -16480.791    18.892    -4.86    2.61
 -16106.966    18.434    -1.23    2.25
 -15733.107    18.207    -0.61    2.60
 -15359.213    18.493     0.76    3.08
 -14985.286    19.320     2.21    3.93
 -14611.324    20.843     4.07    4.27
 -14237.328    22.034     3.18    4.36
 -13863.298    21.466    -1.52    4.69
 -13489.233    19.738    -4.62    4.77
 -13115.135    18.389    -3.61    4.29
 -12741.002    17.320    -2.86    2.77
 -12366.835    17.243    -0.21    2.70
 -11992.633    17.660     1.11    3.20
 -11618.398    16.985    -1.80    3.15
 -11244.128    15.789    -3.20    3.47
 -10869.824    14.630    -3.10    3.89
 -10495.485    13.904    -1.94    3.46
 -10121.112    13.592    -0.83    3.56
  -9746.705    14.993     3.74    5.03
  -9372.264    16.207     3.24    6.10
  -8997.788    17.652     3.86    6.67
  -8623.278    20.007     6.29    6.34
  -8248.733    21.509     4.01    4.90
  -7874.154    20.975    -1.43    4.72
  -7499.541    18.649    -6.21    5.84
  -7124.893    16.243    -6.42    5.11
  -6750.211    14.849    -3.72    4.48
  -6375.495    16.000     3.07    4.40
  -6000.744    17.779     4.75    3.26
  -5625.958    16.735    -2.78    4.92
  -5251.138    13.953    -7.42    6.01
  -4876.284    11.996    -5.22    4.84
  -4501.395    12.281     0.76    5.27
  -4126.472    14.574     6.12    5.16
  -3751.514    15.643     2.85    3.67
  -3376.522    15.811     0.45    2.79
  -3001.495    14.880    -2.48    2.80
  -2626.434    13.283    -4.26    2.65
  -2251.338    12.559    -1.93    2.60
  -1876.207    10.298    -6.03    4.42
  -1501.042     6.899    -9.06    5.30
  -1125.842     3.421    -9.27    5.31
   -750.608     0.399    -8.05    2.96
   -375.339    -0.704    -2.94    0.67
     -0.036    -0.378     0.87    1.59
    375.302     1.133     4.03    3.09
    750.675     3.564     6.48    4.40
   1126.082     5.496     5.14    4.23
   1501.524     6.916     3.78    4.01
   1877.001     6.130    -2.09    3.83
   2252.513     4.874    -3.35    2.85
   2628.059     4.062    -2.16    2.31
   3003.639     3.584    -1.27    2.05
   3379.255     3.261    -0.86    1.98
   3754.905     3.374     0.30    1.98
   4130.590     3.062    -0.83    1.88
   4506.310     2.573    -1.30    2.00
   4882.065     2.480    -0.25    1.94
   5257.854     2.392    -0.23    2.07
   5633.678     2.415     0.06    2.62
   6009.537     2.807     1.04    3.29
   6385.431     3.077     0.72    3.20
   6761.359     2.744    -0.89    3.03
   7137.322     1.913    -2.21    1.30
   7513.321     2.040     0.34    1.13
   7889.354     2.263     0.59    1.23
   8265.422     2.796     1.42    1.41
   8641.524     3.037     0.64    1.30
   9017.662     3.334     0.79    1.32
   9393.835     4.077     1.98    1.58
   9770.042     4.452     1.00    1.56
  10146.285     5.189     1.96    1.45
  10522.562     5.540     0.93    1.37
  10898.874     5.332    -0.55    1.39
  11275.221     5.207    -0.33    1.40
  11651.604     5.152    -0.15    1.45
  12028.021     5.368     0.57    1.37
  12404.473     5.737     0.98    1.29
  12780.960     7.025     3.42    3.45
  13157.483    10.573     9.42    7.23
  13534.040    15.207    12.31    8.85
  13910.632    20.985    15.34    8.22
  14287.260    25.641    12.36    5.56
  14663.922    28.743     8.23    3.47
  15040.620    30.448     4.53    3.53
  15417.352    32.670     5.90    2.97
  15794.120    34.442     4.70    2.49
  16170.923    36.170     4.59    2.56
  16547.761    38.471     6.11    3.04
  16924.634    42.225     9.96    6.40
  17301.542    48.404    16.39   10.90
  17678.485    56.522    21.54   12.95
  18055.464    66.062    25.31   11.83
  18432.477    73.803    20.53    7.39
  18809.526    79.800    15.90    6.43
  19186.610    85.225    14.39    7.59
  19563.730    90.850    14.92    9.19
  19940.884    98.611    20.58    9.54
  20318.074   105.962    19.49    8.92
  20695.299   114.761    23.33    9.03
  21072.559   121.880    18.87    8.47
  21449.855   129.529    20.27    8.37
  21827.186   135.855    16.77    6.56
  22204.552   139.989    10.95    5.63
  22581.953   143.643     9.68    4.74
  22959.390   147.615    10.52    5.96
  23336.862   152.243    12.26    8.01
  23714.370   157.823    14.78    8.02
  24091.913   162.698    12.91    7.73
  24469.491   170.007    19.36    9.62
  24847.104   176.679    17.67   11.31
  25224.753   184.439    20.55   12.36
  25602.438   193.966    25.23   14.64
  25980.158   206.671    33.64   16.30
  26357.913   217.246    27.99   15.24
  26735.703   222.374    13.57   12.49
  27113.529   223.892     4.02   10.63
  27491.391   221.281    -6.91   10.79
  27869.288   220.134    -3.03   13.31
  28242.611   218.830    -3.49   14.29
  28613.605   213.007   -15.70   17.66
  28984.633   204.991   -21.60   17.83
  29355.696   193.133   -31.96   25.82
  29726.792   174.207   -51.00   36.10
  30097.923   152.582   -58.27   37.25
  30469.088   137.849   -39.70   27.36
  30840.287   131.439   -17.27   16.71
  31211.520   133.226     4.81   12.92
  31582.788   143.615    27.98   14.42
  31954.089   159.457    42.67   24.12
  32325.425   173.169    36.93   24.90
  32696.795   184.825    31.39   16.67
  33068.200   185.976     3.10   13.16
  33439.638   180.800   -13.94   10.51
  33811.111   176.305   -12.10    5.37
  34182.618   180.316    10.80    9.30
  34554.159   185.169    13.06   10.02
  34925.735   186.153     2.65   10.01
  35297.345   190.113    10.66   12.09
  35668.989   189.707    -1.09   12.27
  36040.668   188.152    -4.19   10.57
  36412.381   191.547     9.13    9.85
  36784.128   194.898     9.02   12.34
  37155.909   197.246     6.31   13.96
  37527.725   202.743    14.79   16.19
  37899.576   213.245    28.24   23.35
  38271.461   227.498    38.33   34.23
  38643.380   242.411    40.10   37.27
  39015.333   253.094    28.72   33.30
  39387.321   256.546     9.28   35.67
  39759.344   249.670   -18.48   35.56
  40131.400   238.480   -30.08   33.29
  40503.492   229.490   -24.16   28.29
  40875.618   218.957   -28.31   19.85
  41247.778   208.553   -27.96   12.75
  41619.973   204.716   -10.31   10.61
  41992.202   204.411    -0.82   10.12
  42364.466   209.707    14.23   15.43
  42736.764   222.003    33.03   19.95
  43109.097   240.671    50.14   32.79
  43481.464   271.136    81.82   45.63
  43853.866   305.929    93.43   47.68
  44226.303   342.225    97.46   39.49
  44598.774   375.457    89.22   27.18
  44971.280   391.618    43.39   20.57
  45343.820   390.528    -2.93   27.34
  45716.395   383.025   -20.14   32.73
  46089.004   370.985   -32.32   32.56
  46461.648   363.132   -21.08   29.19
  46834.327   363.546     1.11   27.94
  47207.041   371.971    22.60   31.22
  47579.789   367.911   -10.89   47.10
  47952.572   348.189   -52.91   74.20
  48325.389   291.874  -151.06   88.01
  48698.242   249.015  -114.95   61.25
  49071.129   250.529     4.06   59.53
  49444.050   275.509    66.99   75.39
  49817.007   319.761   118.66   77.89
  50189.998   364.374   119.62   57.23
  50563.024   389.003    66.03   36.21
  50936.085   403.725    39.46   20.20
  51309.180   412.342    23.10   21.89
  51682.311   420.280    21.28   25.19
  52055.476   432.169    31.86   26.35
  52428.676   444.429    32.85   27.32
  52801.911   459.207    39.60   25.65
  53175.180   471.735    33.57   24.98
  53548.485   477.989    16.75   21.12
  53921.824   482.189    11.25   19.00
  54295.199   482.152    -0.10   16.71
  54668.608   485.503     8.98   18.51
  55042.052   495.753    27.45   17.86
  55415.531   500.553    12.85   15.23
  55789.045   503.529     7.97   14.28
  56162.594   495.380   -21.81   23.01
  56536.177   459.636   -95.69   53.02
  56909.796   415.485  -118.18   59.41
  57283.450   379.134   -97.29   49.20
  57657.139   349.618   -78.99   23.84
  58030.862   342.981   -17.76   17.09
  58404.621   349.225    16.71   25.00
  58778.415   365.361    43.17   30.21
  59152.244   382.170    44.97   26.40
  59526.107   394.680    33.46   20.21
  59900.006   400.189    14.73   22.96
  60273.940   412.298    32.39   26.16
  60647.909   426.898    39.04   25.43
  61021.913   441.985    40.34   18.20
  61395.952   445.374     9.06   18.13
  61770.027   448.571     8.55   16.47
  62144.136   451.092     6.74   15.64
  62518.281   456.618    14.77   17.93
  62892.460   464.547    21.19   23.11
  63266.675   472.814    22.09   25.00
  63640.925   477.522    12.58   20.73
  64015.211   468.134   -25.08   31.84
  64389.531   439.582   -76.28   44.99
  64763.887   409.854   -79.42   39.82
  65138.277   387.886   -58.68   32.02
  65512.704   374.303   -36.28   28.82
  65887.165   367.534   -18.08   27.73
  66261.661   349.189   -48.99   28.75
  66636.193   337.534   -31.12   29.27
  67010.760   327.043   -28.01   31.84
  67385.363   327.262     0.58   32.61
  67760.000   334.577    19.53   36.56
  68134.673   348.096    36.08   44.07
  68509.382   371.207    61.68   46.43
  68884.125   401.303    80.32   46.31
  69258.904   434.386    88.28   35.72
  69633.719   444.337    26.55   35.59
  70008.569   435.439   -23.74   45.67
  70383.454   406.443   -77.35   60.77
  70758.374   381.170   -67.41   56.16
  71133.330   366.368   -39.48   37.47
  71508.321   371.727    14.29   34.03
  71883.348   387.100    40.99   35.52
  72258.410   391.603    12.01   38.15
  72633.508   383.389   -21.90   37.41
  73008.641   383.062    -0.87   44.35
  73383.810   392.892    26.21   50.78
  73759.014   407.600    39.20   44.16
  74134.253   412.264    12.43   34.85
  74509.528   416.116    10.27   27.24
  74884.839   424.018    21.06   27.66
  75260.185   435.498    30.59   28.79
  75635.567   444.698    24.51   24.61
  76010.984   433.439   -29.99   30.90
  76386.437   416.245   -45.80   36.57
  76761.925   395.337   -55.69   35.83
  77137.449   374.280   -56.08   25.19
  77513.009   361.476   -34.09   20.71
  77888.604   358.082    -9.04   17.34
  78264.235   359.592     4.02   25.46
  78639.902   371.493    31.68   32.74
  79015.604   385.134    36.31   33.12
  79391.342   395.392    27.30   34.45
  79767.115   398.314     7.78   34.57
  80142.924   399.622     3.48   32.27
  80518.769   406.832    19.18   30.37
  80894.650   415.669    23.51   26.46
  81270.566   415.553    -0.31   26.73
  81646.518   405.652   -26.34   32.79
  82022.506   390.425   -40.50   32.73
  82398.529   380.654   -25.99   19.78
  82774.589   379.898    -2.01   20.88
  83150.684   390.576    28.39   29.85
  83526.815   401.534    29.14   29.78
  83902.982   404.350     7.49   26.09
  84279.184   413.503    24.33   21.11
  84655.423   419.707    16.49   17.77
  85031.697   422.283     6.85   18.72
  85408.007   433.662    30.24   23.00
  85784.353   448.029    38.18   30.16
  86160.735   454.380    16.88   34.35
  86537.152   454.261    -0.32   38.46
  86913.606   452.094    -5.76   37.29
  87290.096   451.296    -2.12   26.69
  87666.621   460.516    24.49   24.73
  88043.183   471.953    30.37   24.69
  88419.780   484.475    33.25   21.28
  88796.413   494.471    26.54   18.15
  89173.083   501.207    17.88   15.24
  89549.788   494.892   -16.76   22.14
  89926.529   479.771   -40.14   30.96
  90303.307   452.553   -72.25   45.59
  90680.120   428.953   -62.64   42.32
  91056.969   414.855   -37.41   25.28
  91433.855   417.225     6.29   22.77
  91810.776   422.429    13.81   20.25
  92187.734   414.457   -21.15   34.05
  92564.728   376.386  -101.00   54.43
  92941.758   345.953   -80.73   45.66
  93318.823   328.279   -46.88   32.15
  93695.925   314.439   -36.70   17.13
  94073.064   315.837     3.71   21.58
  94450.238   321.546    15.14   31.32
  94827.448   332.303    28.52   42.81
  95204.695   329.475    -7.50   40.60
  95581.978   325.516   -10.49   37.73
  95959.297   313.962   -30.63   29.88
  96336.652   303.689   -27.23   19.13
  96714.043   299.929    -9.96   13.59
  97091.471   298.993    -2.48    9.81
  97468.935   303.688    12.44   11.69
  97846.435   309.279    14.81   15.87
  98223.972   306.743    -6.72   15.94
  98601.544   304.825    -5.08   13.81
  98979.153   306.368     4.09   13.16
  99356.799   311.392    13.31   17.33
  99734.480   324.280    34.13   25.65
 100112.198   337.476    34.94   30.87
 100489.953   344.011    17.30   33.45
 100867.743   345.389     3.65   34.24
 101245.571   355.939    27.93   42.87
 101623.434   363.761    20.70   49.45
 102001.334   363.471    -0.77   54.79
 102379.270   349.475   -37.04   56.18
 102757.243   324.490   -66.11   37.19
 103131.094   316.975   -20.10   27.23
 103501.981   316.113    -2.32   27.11
 103872.903   325.368    24.95   32.86
 104243.860   347.493    59.65   43.10
 104614.852   373.392    69.82   50.41
 104985.880   399.558    70.53   47.78
 105356.942   420.207    55.65   47.47
 105728.039   431.029    29.16   43.47
 106099.171   433.630     7.01   37.87
 106470.338   431.725    -5.13   22.88
 106841.541   430.630    -2.95   19.67
 107212.778   433.904     8.82   23.88
 107584.051   437.022     8.40   25.55
 107955.359   444.439    19.98   28.00
 108326.701   453.371    24.05   32.72
 108698.079   466.577    35.57   36.43
 109069.492   484.511    48.29   30.22
 109440.941   498.371    37.32   23.89
 109812.424   505.116    18.16   20.79
 110183.942   508.050     7.90   24.07
 110555.496   510.769     7.32   30.24
 110927.085   506.669   -11.03   36.19
 111298.709   488.564   -48.72   39.82
 111670.369   467.448   -56.82   31.52
 112042.063   451.886   -41.87   21.33
 112413.793   446.443   -14.64   17.86
 112785.558   447.171     1.96   18.59
 113157.359   442.654   -12.15   21.46
 113529.194   438.734   -10.54   23.41
 113901.065   433.029   -15.35   25.70
 114272.972   428.301   -12.71   26.98
 114644.913   428.279    -0.06   23.93
 115016.890   424.053   -11.36   15.59
 115388.903   420.868    -8.56   12.76
 115760.950   419.318    -4.17   10.91
 116133.033   415.365   -10.63    5.53
 116505.152   414.007    -3.65    3.49
 116877.305   415.743     4.66    5.00
 117249.494   421.511    15.50   11.69
 117621.719   424.911     9.14   12.08
 117993.979   432.832    21.28   14.40
 118366.275   441.547    23.41   19.73
 118738.605   448.600    18.95   20.25
 119110.972   460.528    32.04   20.68
 119483.374   468.314    20.91   17.66
 119855.811   469.040     1.95   16.49
 120228.284   471.753     7.28   17.12
 120600.792   472.516     2.05   17.46
 120973.336   472.439    -0.21   18.43
 121345.915   478.607    16.56   23.12
 121718.530   483.498    13.13   26.83
 122091.181   493.386    26.54   29.93
 122463.867   502.726    25.07   29.16
 122836.588   501.814    -2.45   26.39
 123209.345   506.471    12.49   27.50
 123582.138   512.421    15.96   27.41
 123954.967   513.171     2.01   27.60
 124327.831   500.334   -34.43   37.44
 124700.730   482.171   -48.71   35.64
 125073.666   467.763   -38.64   25.65
 125446.637   462.505   -14.10   20.21
 125819.643   463.452     2.54   19.76
 126192.686   459.102   -11.66   20.02
 126565.764   453.207   -15.80   18.76
 126938.877   446.671   -17.52   16.90
 127312.027   439.753   -18.54   14.47
 127685.212   436.118    -9.74   10.27
 128058.433   439.480     9.01   13.98
 128431.690   442.170     7.21   17.86
 128804.982   444.725     6.85   19.50
 129178.310   444.059    -1.78   18.82
 129551.675   439.886   -11.18   15.69
 129925.074   435.246   -12.43    8.52
 130298.510   438.279     8.12   11.56
 130671.982   444.337    16.22   14.35
 131045.489   451.154    18.25   15.96
 131419.032   461.571    27.89   17.07
 131792.611   469.493    21.21   18.23
 132166.226   473.462    10.62   17.50
 132539.877   468.680   -12.80   23.44
 132913.564   456.136   -33.57   25.29
 133287.286   446.284   -26.36   18.99
 133661.045   446.939     1.75   20.95
 134034.840   455.689    23.41   21.32
 134408.670   467.084    30.49   17.59
 134782.537   473.118    16.14   13.18
 135156.439   472.953    -0.44   11.44
 135530.377   475.118     5.79   10.46
 135904.352   481.115    16.04   12.34
 136278.362   485.926    12.87   10.59
 136652.409   481.337   -12.27   16.74
 137026.491   466.171   -40.55   25.90
 137400.610   446.744   -51.93   27.02
 137774.764   428.029   -50.03   20.38
 138148.955   412.761   -40.81   14.31
 138523.182   400.825   -31.90   14.33
 138897.444   387.154   -36.53   17.50
 139271.743   376.264   -29.10   18.04
 139646.078   365.261   -29.40   16.57
 140020.450   357.149   -21.67   12.12
 140394.857   354.064    -8.24    8.08
 140769.300   352.985    -2.88    3.80
 141143.780   355.448     6.58    3.23
 141518.296   357.725     6.08    2.83
 141892.848   360.207     6.63    4.83
 142267.436   364.600    11.73   10.51
 142642.061   373.040    22.53   17.08
 143016.721   386.962    37.16   24.22
 143391.418   400.130    35.15   22.90
 143766.152   404.671    12.12   19.93
 144140.921   407.862     8.51   21.23
 144515.727   412.904    13.45   20.46
 144890.569   423.814    29.11   23.16
 145265.447   442.898    50.91   25.27
 145640.362   457.582    39.17   21.75
 146015.313   465.361    20.75   16.64
 146390.300   465.154    -0.55   15.89
 146765.324   466.547     3.72   13.55
 147140.384   471.939    14.38   14.16
 147515.480   478.771    18.22   16.99
 147890.613   486.680    21.09   17.77
 148265.782   491.689    13.35   16.50
 148640.988   490.571    -2.98   14.54
 149016.230   488.330    -5.97   15.79
 149391.509   486.207    -5.66   18.09
 149766.824   484.493    -4.57   19.11
 150142.175   487.615     8.32   20.10
 150517.563   489.082     3.91   18.89
 150892.987   486.171    -7.76   19.25
 151268.448   485.392    -2.07   20.67
 151643.946   479.029   -16.95   20.55
 152019.480   475.264   -10.03   15.74
 152395.050   473.636    -4.34   13.47
 152770.657   473.245    -1.04   13.87
 153146.301   473.957     1.90   15.66
 153521.981   472.843    -2.96   20.40
 153897.697   461.280   -30.78   18.41
 154273.451   454.832   -17.16   15.43
 154649.241   452.589    -5.97   16.91
 155025.067   461.821    24.57   22.20
 155400.931   472.707    28.97   20.95
 155776.830   481.296    22.85   16.91
 156152.767   487.993    17.82   15.98
 156528.740   490.636     7.03   13.27
 156904.750   496.916    16.71   14.12
 157280.797   496.789    -0.34   23.02
 157656.880   489.582   -19.17   28.67
 158033.000   481.015   -22.78   34.75
 158409.157   462.136   -50.20   40.40
 158785.350   437.522   -65.44   34.45
 159161.581   423.886   -36.25   22.39
 159537.848   419.761   -10.96   14.72
 159914.152   427.498    20.56   12.34
 160290.492   435.707    21.82    7.82
 160666.870   437.789     5.53    9.76
 161043.284   446.014    21.86   15.30
 161419.735   453.515    19.93   19.00
 161796.223   459.868    16.88   21.84
 162172.748   460.207     0.90   22.74
 162549.310   453.368   -18.17   20.81
 162925.908   447.172   -16.45   13.07
 163302.544   445.966    -3.20    8.21
 163679.216   448.261     6.09   10.09
 164055.926   450.053     4.76   13.60
 164432.672   448.761    -3.43   14.97
 164809.455   448.462    -0.79   13.31
 165186.276   444.133   -11.49   15.26
 165563.133   436.725   -19.66   16.26
 165940.027   428.226   -22.55   15.55
 166316.958   420.296   -21.04   10.44
 166693.926   418.763    -4.07   10.49
 167070.932   421.207     6.48   15.39
 167447.974   426.503    14.05   21.80
 167825.053   431.064    12.10   22.34
 168202.170   437.080    15.95   24.26
 168579.323   438.080     2.65   27.65
 168956.514   435.529    -6.77   26.44
 169333.741   429.149   -16.91   26.36
 169711.006   416.618   -33.22   18.39
 170088.308   410.337   -16.65   12.86
 170465.647   409.698    -1.69    8.97
 170843.023   419.814    26.81   18.02
 171220.437   431.886    31.99   26.62
 171597.887   438.993    18.83   24.58
 171975.375   449.976    29.10   23.60
 172352.900   461.295    29.99   32.63
 172730.462   477.153    42.01   44.27
 173108.061   490.725    35.95   50.11
 173485.698   497.625    18.28   52.46
 173863.372   490.789   -18.10   55.03
 174241.083   479.049   -31.09   50.13
 174618.831   469.169   -26.16   37.51
 174996.617   473.029    10.22   33.90
 175374.440   478.318    14.00   34.78
 175752.301   480.868     6.75   34.49
 176130.198   482.280     3.74   38.20
 176508.133   484.625     6.21   41.98
 176886.106   497.832    34.95   50.77
 177264.116   511.592    36.41   53.78
 177642.163   518.082    17.17   50.98
 178016.632   516.529    -4.15   50.37
 178387.411   502.032   -39.11   49.73
 178758.226   490.643   -30.72   46.83
 179129.076   480.751   -26.68   37.11
 179499.963   477.170    -9.66   28.51
 179870.886   475.771    -3.77   19.84
 180241.844   481.136    14.46   18.22
 180612.839   487.040    15.92   18.43
 180983.869   494.654    20.52   19.10
 181354.936   497.207     6.88   17.01
 181726.038   500.921    10.01   16.50
 182097.176   502.226     3.52   17.52
 182468.351   502.173    -0.14   17.32
 182839.561   505.625     9.30   17.38
 183210.807   502.154    -9.35   15.83
 183582.090   498.916    -8.72   13.19
 183953.408   494.154   -12.83   11.60
 184324.763   486.944   -19.42   10.34
 184696.153   487.170     0.61   10.38
 185067.580   491.350    11.26   14.80
 185439.042   490.807    -1.46   18.99
 185810.541   491.261     1.22   21.39
 186182.076   488.438    -7.60   22.51
 186553.647   484.368   -10.96   21.62
 186925.254   484.332    -0.10   20.63
 187296.898   489.046    12.69   19.33
 187668.577   492.862    10.27   18.56
 188040.293   497.014    11.17   18.64
 188412.045   494.062    -7.94   20.20
 188783.833   490.880    -8.56   21.85
 189155.657   483.383   -20.17   21.45
 189527.517   476.207   -19.30   19.37
 189899.414   466.689   -25.60   18.75
 190271.347   459.803   -18.52   14.00
 190643.316   472.663    34.58   34.77
 191015.322   490.171    47.07   40.52
 191387.364   496.576    17.22   36.66
 191759.442   497.671     2.95   33.25
 192131.556   484.067   -36.57   27.18
 192503.707   472.462   -31.19   13.87
 192875.894   467.753   -12.65   12.88
 193248.117   465.681    -5.57   13.74
 193620.377   467.566     5.06   15.64
 193992.673   470.564     8.06   21.66
 194365.005   475.726    13.87   27.07
 194737.374   472.277    -9.26   32.13
 195109.780   463.334   -24.02   34.21
 195482.221   456.189   -19.19   32.39
 195854.699   442.064   -37.93   19.97
 196227.214   440.046    -5.42   20.80
 196599.765   444.102    10.89   23.28
 196972.352   455.134    29.62   36.34
 197344.976   475.190    53.83   43.33
 197717.637   493.611    49.44   41.98
 198090.334   511.997    49.34   34.05
 198463.067   524.339    33.12   19.93
 198835.838   522.576    -4.73   22.55
 199208.644   505.407   -46.06   36.01
 199581.487   486.880   -49.70   38.53
 199954.367   470.190   -44.77   30.24
 200327.283   464.725   -14.66   20.85
 200700.236   464.671    -0.14   19.97
 201073.226   464.957     0.77   18.52
 201446.252   462.137    -7.56   17.13
 201819.314   459.130    -8.06   14.78
 202192.414   462.832     9.92   16.46
 202565.550   466.855    10.78   17.55
 202938.723   467.505     1.74   15.87
 203311.932   465.225    -6.11   16.45
 203685.178   454.064   -29.91   24.23
 204058.461   443.350   -28.71   29.30
 204431.780   425.985   -46.52   35.34
 204805.137   402.172   -63.79   38.57
 205178.530   382.059   -53.88   32.69
 205551.959   367.000   -40.33   21.55
 205925.426   357.396   -25.72    6.22
 206298.929   357.350    -0.12    8.43
 206672.469   359.118     4.73   12.05
 207046.046   364.663    14.85   24.61
 207419.660   370.891    16.67   31.59
 207793.310   370.926     0.09   31.79
 208166.998   365.921   -13.40   30.73
 208540.722   356.018   -26.50   20.35
 208914.483   350.529   -14.69   11.59
 209288.281   348.059    -6.61    4.82
 209662.116   348.759     1.87    4.89
 210035.988   349.707     2.54    4.20
 210409.896   350.493     2.10    6.02
 210783.842   350.868     1.00    7.32
 211157.825   349.475    -3.73    5.58
 211531.844   348.962    -1.37    2.59
 211905.901   351.607     7.07    6.85
 212279.994   357.225    15.02   13.67
 212654.125   369.899    33.89   27.38
 213028.292   398.604    76.73   49.15
 213402.497   428.207    79.13   50.19
 213776.738   449.751    57.58   39.78
 214151.017   454.814    13.53   40.27
 214525.333   445.046   -26.10   42.77
 214899.685   424.944   -53.71   40.45
 215274.075   401.300   -63.17   40.80
 215648.502   381.368   -53.24   34.46
 216022.966   366.355   -40.10   25.84
 216397.467   362.404   -10.55   18.89
 216772.006   373.966    30.88   33.01
 217146.581   384.939    29.30   36.18
 217521.194   398.136    35.23   32.80
 217895.844   406.843    23.25   30.89
 218270.530   400.084   -18.04   27.89
 218645.255   394.534   -14.81   24.27
 219020.016   390.663   -10.33   20.75
 219394.815   392.592     5.15   25.87
 219769.650   400.689    21.61   34.31
 220144.524   406.540    15.61   36.93
 220519.434   412.751    16.57   34.55
 220894.382   427.347    38.94   35.62
 221269.366   437.025    25.81   30.32
 221644.389   433.296    -9.95   35.56
 222019.448   426.573   -17.93   39.72
 222394.545   422.832    -9.97   34.78
 222769.679   419.850    -7.95   28.17
 223144.851   427.698    20.92   22.89
 223520.060   440.452    34.00   28.89
 223895.306   444.040     9.56   30.60
