-149390.725   562.386     0.00   33.84
-149013.904   573.994    30.81   42.18
-148637.120   594.457    54.32   60.42
-148260.375   647.203   140.03   84.75
-147883.667   688.271   109.04   70.78
-147506.996   694.850    17.47   65.04
-147130.364   669.707   -66.77   76.59
-146753.769   627.571  -111.90   58.76
-146377.212   597.046   -81.08   15.36
-146000.692   599.302     5.99   15.56
-145624.210   612.203    34.27   21.74
-145247.766   631.138    50.31   24.43
-144871.359   644.093    34.42   21.38
-144494.990   653.438    24.83   22.51
-144118.658   661.457    21.31   28.30
-143742.364   668.922    19.84   32.43
-143366.108   674.278    14.24   34.11
-142989.889   690.887    44.15   48.73
-142613.708   706.919    42.62   57.38
-142237.564   726.536    52.16   63.58
-141861.457   754.321    73.89   76.75
-141485.388   782.711    75.50   81.28
-141109.357   826.102   115.41   78.54
-140733.363   857.921    84.64   56.49
-140357.406   861.220     8.78   34.53
-139981.487   863.520     6.12   32.71
-139605.606   863.483    -0.10   42.12
-139229.761   878.763    40.66   52.75
-138853.955   899.796    55.98   47.85
-138478.185   907.356    20.12   38.76
-138102.453   898.207   -24.36   41.84
-137726.758   881.411   -44.71   41.05
-137351.101   865.796   -41.57   29.46
-136975.481   864.939    -2.28   20.27
-136599.898   869.401    11.88   13.81
-136224.353   877.135    20.60   12.12
-135848.844   883.805    17.76   12.66
-135473.373   891.273    19.89   16.39
-135097.940   898.702    19.79   20.41
-134722.544   905.694    18.63   24.81
-134347.184   908.653     7.88   23.51
-133971.863   917.066    22.42   22.77
-133596.578   928.624    30.80   23.78
-133221.330   933.763    13.70   23.64
-132846.120   935.904     5.71   22.22
-132470.947   931.123   -12.75   22.28
-132095.811   924.624   -17.33   16.87
-131720.712   925.689     2.84   19.13
-131345.651   937.396    31.22   27.69
-130970.626   959.385    58.64   42.01
-130595.639   981.938    60.15   47.69
-130220.688  1000.250    48.85   50.01
-129845.775  1002.100     4.93   51.06
-129470.899   989.308   -34.13   52.94
-129096.060   970.252   -50.84   45.93
-128721.258   953.475   -44.77   35.46
-128346.493   941.350   -32.36   28.51
-127971.765   933.189   -21.78   31.26
-127597.074   914.635   -49.52   40.20
-127222.420   899.211   -41.17   33.57
-126847.803   903.290    10.89   35.10
-126473.223   920.571    46.14   42.89
-126098.680   944.009    62.59   43.50
-125724.174   952.653    23.08   47.34
-125349.705   944.814   -20.94   53.60
-124975.273   921.475   -62.34   53.13
-124600.877   904.100   -46.41   41.26
-124226.519   886.711   -46.45   23.36
-123852.197   883.938    -7.41   16.36
-123477.913   891.992    21.52   24.54
-123103.665   903.456    30.63   33.72
-122729.454   920.385    45.25   41.23
-122355.280   930.938    28.20   44.56
-121981.143   933.457     6.73   44.78
-121607.042   931.350    -5.63   40.04
-121232.979   922.885   -22.63   30.35
-120858.952   920.238    -7.08   17.05
-120484.962   920.385     0.39   14.59
-120111.008   913.659   -17.99   19.96
-119737.092   905.513   -21.79   25.43
-119363.212   900.314   -13.91   28.16
-118989.369   898.760    -4.16   34.25
-118615.562   900.939     5.83   39.20
-118241.792   898.993    -5.21   37.28
-117868.059   894.775   -11.29   36.44
-117494.363   883.242   -30.86   27.04
-117120.703   883.382     0.37   25.58
-116747.080   904.832    57.42   47.34
-116373.494   939.109    91.76   50.36
-115999.944   969.466    81.27   40.99
-115626.431   990.011    55.01   27.85
-115252.954   993.606     9.63   22.83
-114879.514   987.084   -17.47   22.58
-114506.111   972.171   -39.94   20.57
-114132.744   953.707   -49.46   23.58
-113759.413   946.030   -20.56   25.77
-113386.119   943.939    -5.60   28.72
-113012.862   949.512    14.93   36.13
-112639.641   950.921     3.78   41.49
-112266.457   933.465   -46.78   56.33
-111893.309   913.396   -53.79   59.64
-111520.198   894.920   -49.52   44.60
-111147.123   893.484    -3.85   36.15
-110774.085   901.225    20.75   40.25
-110401.083   912.938    31.41   47.26
-110028.117   927.782    39.80   62.71
-109655.188   940.503    34.12   79.09
-109282.295   946.957    17.31   86.92
-108909.439   945.123    -4.92   85.23
-108536.619   937.153   -21.38   71.35
-108163.835   922.845   -38.39   55.86
-107791.088   915.278   -20.30   41.50
-107418.377   900.635   -39.29   35.82
-107045.702   886.920   -36.81   33.68
-106673.064   883.483    -9.22   36.63
-106300.462   878.011   -14.69   38.19
-105927.896   874.624    -9.09   40.07
-105555.367   860.090   -39.02   40.95
-105182.874   849.385   -28.74   31.76
-104810.417   851.748     6.34   33.37
-104437.996   868.975    46.26   42.15
-104065.612   883.847    39.94   37.96
-103693.264   885.242     3.75   35.31
-103320.951   884.046    -3.21   34.18
-102948.676   883.439    -1.63   33.46
-102576.436   882.082    -3.65   31.89
-102204.232   870.382   -31.44   24.64
-101832.065   866.641   -10.05   21.97
-101459.934   879.475    34.49   41.59
-101087.839   895.641    43.45   51.94
-100715.780   911.390    42.33   53.29
-100343.757   922.010    28.55   51.22
 -99971.770   928.814    18.29   50.51
 -99599.820   935.290    17.41   45.37
 -99227.905   938.869     9.62   32.61
 -98856.026   943.725    13.06   22.05
 -98484.184   943.350    -1.01   19.35
 -98112.377   944.201     2.29   21.33
 -97740.607   959.080    40.03   32.01
 -97368.872   971.314    32.91   35.52
 -96997.174   985.796    38.97   33.24
 -96625.511   985.382    -1.11   32.39
 -96253.885   965.421   -53.72   44.53
 -95882.294   937.764   -74.44   56.54
 -95510.740   911.659   -70.27   52.68
 -95139.221   886.624   -67.39   38.86
 -94767.738   878.556   -21.72   39.14
 -94396.291   866.992   -31.14   39.24
 -94024.880   852.475   -39.09   34.54
 -93653.505   843.725   -23.56   26.02
 -93282.166   843.635    -0.24   25.01
 -92910.863   843.080    -1.50   24.10
 -92539.595   838.201   -13.14   20.74
 -92168.364   836.225    -5.32   17.32
 -91797.168   842.066    15.74   20.18
 -91426.008   844.117     5.53   20.21
 -91054.884   842.975    -3.08   24.60
 -90683.795   836.120   -18.47   28.02
 -90312.743   832.778    -9.01   34.43
 -89941.726   838.171    14.54   46.11
 -89570.745   845.117    18.73   52.13
 -89199.799   842.648    -6.66   51.56
 -88828.890   831.501   -30.06   41.55
 -88458.016   830.829    -1.81   33.38
 -88087.177   841.431    28.59   33.38
 -87716.375   851.752    27.84   32.97
 -87340.723   847.635   -10.96   36.05
 -86962.688   832.320   -40.52   32.28
 -86584.691   824.242   -21.37   26.74
 -86206.730   819.725   -11.95   29.07
 -85828.807   815.843   -10.27   33.77
 -85450.922   805.064   -28.53   38.16
 -85073.073   788.697   -43.32   24.77
 -84695.261   780.421   -21.91   10.58
 -84317.487   778.475    -5.15    9.53
 -83939.749   778.375    -0.26   11.22
 -83562.049   775.992    -6.31    7.33
 -83184.386   779.955    10.49   12.17
 -82806.760   783.852    10.32   14.97
 -82429.171   791.066    19.11   20.74
 -82051.618   798.764    20.39   28.00
 -81674.103   819.847    55.85   42.98
 -81296.625   845.178    67.11   48.85
 -80919.184   872.046    71.19   46.82
 -80541.780   889.282    45.67   38.95
 -80164.413   889.528     0.65   35.19
 -79787.083   890.338     2.15   36.57
 -79409.790   890.600     0.69   44.31
 -79032.534   894.447    10.20   58.36
 -78655.315   899.411    13.16   65.58
 -78278.132   887.153   -32.50   64.25
 -77900.987   878.917   -21.84   55.38
 -77523.878   871.421   -19.88   42.85
 -77146.807   868.320    -8.22   43.54
 -76769.772   872.086     9.99   43.80
 -76392.774   884.799    33.73   51.93
 -76015.813   889.302    11.95   55.46
 -75638.888   883.564   -15.22   59.91
 -75262.001   859.993   -62.55   58.77
 -74885.150   830.100   -79.33   40.84
 -74508.336   816.409   -36.34   27.47
 -74131.559   826.689    27.29   35.59
 -73754.819   852.575    68.71   53.97
 -73378.115   873.957    56.77   53.86
 -73001.448   891.255    45.93   57.04
 -72624.818   894.616     8.92   59.24
 -72248.225   876.975   -46.85   64.78
 -71871.668   847.918   -77.17   66.89
 -71495.148   811.564   -96.56   68.75
 -71118.665   783.046   -75.75   59.83
 -70742.218   765.829   -45.74   53.66
 -70365.808   756.939   -23.62   53.86
 -69989.434   748.678   -21.95   58.03
 -69613.098   728.742   -52.98   54.80
 -69236.797   704.326   -64.89   39.94
 -68860.534   680.260   -63.97   39.34
 -68484.307   667.182   -34.76   47.27
 -68108.117   670.903     9.89   63.03
 -67731.963   673.345     6.49   74.41
 -67355.845   679.266    15.74   76.87
 -66979.765   662.133   -45.56   69.78
 -66603.720   644.475   -46.96   56.35
 -66227.713   636.350   -21.61   44.89
 -65851.741   629.484   -18.26   47.93
 -65475.807   631.133     4.39   56.95
 -65099.909   619.707   -30.40   56.99
 -64724.047   605.242   -38.49   47.96
 -64348.221   599.225   -16.01   39.91
 -63972.433   606.371    19.02   43.67
 -63596.680   624.100    47.19   48.37
 -63220.964   632.012    21.06   44.90
 -62845.284   626.502   -14.67   46.47
 -62469.641   613.211   -35.38   44.67
 -62094.034   596.536   -44.40   42.78
 -61718.464   591.123   -14.41   39.84
 -61342.930   596.284    13.74   35.86
 -60967.432   606.010    25.90   24.31
 -60591.970   611.763    15.32   25.19
 -60216.545   609.082    -7.14   26.50
 -59841.156   595.530   -36.10   31.44
 -59465.804   586.510   -24.03   33.41
 -59090.487   572.600   -37.07   37.95
 -58715.207   572.575    -0.07   39.23
 -58339.964   583.921    30.24   46.70
 -57964.756   606.258    59.53   53.06
 -57589.585   632.975    71.22   58.32
 -57214.450   653.465    54.63   50.94
 -56839.351   671.439    47.92   45.65
 -56464.288   681.138    25.86   49.36
 -56089.262   670.448   -28.51   53.19
 -55714.271   638.252   -85.86   83.91
 -55339.317   587.938  -134.20   93.72
 -54964.399   529.100  -156.94   67.58
 -54589.517   495.417   -89.85   43.48
 -54214.672   483.332   -32.24   44.87
 -53839.862   474.160   -24.47   48.67
 -53465.088   470.671    -9.31   55.92
 -53090.351   474.120     9.20   72.29
 -52715.649   485.512    30.40   91.26
 -52340.984   492.832    19.54  100.23
 -51966.355   497.289    11.90  106.73
 -51591.762   511.867    38.92  107.01
 -51217.204   499.071   -34.17  100.61
 -50842.683   474.290   -66.17   88.80
 -50468.198   457.120   -45.85   69.12
 -50093.749   438.729   -49.12   59.94
 -49719.335   438.104    -1.67   53.31
 -49344.958   431.760   -16.95   50.96
 -48970.617   424.102   -20.46   46.37
 -48596.311   416.845   -19.39   36.62
 -48222.042   398.742   -48.37   35.94
 -47847.808   389.686   -24.20   29.59
 -47473.611   394.064    11.70   36.17
 -47099.449   398.771    12.58   47.25
 -46725.323   394.671   -10.96   53.29
 -46351.233   392.046    -7.02   54.80
 -45977.179   392.029    -0.05   52.76
 -45603.161   388.457    -9.55   49.79
 -45229.178   393.234    12.77   51.28
 -44855.231   397.617    11.72   53.90
 -44481.320   396.438    -3.16   53.65
 -44107.445   396.064    -1.00   56.19
 -43733.606   395.308    -2.02   60.21
 -43359.803   393.135    -5.81   66.63
 -42986.035   388.575   -12.20   65.72
 -42612.303   391.671     8.29   71.65
 -42238.607   398.466    18.18   82.37
 -41864.946   413.861    41.20   93.91
 -41491.321   424.832    29.36   98.56
 -41117.732   434.725    26.48  101.37
 -40744.179   455.082    54.50   99.19
 -40370.661   486.641    84.50   90.38
 -39997.179   525.567   104.23   72.95
 -39623.732   563.029   100.32   54.99
 -39250.321   577.629    39.10   48.51
 -38876.946   576.528    -2.95   55.95
 -38503.606   545.393   -83.40   77.33
 -38130.302   501.338  -118.02   90.81
 -37757.034   448.167  -142.45   95.86
 -37383.801   394.510  -143.77   91.77
 -37010.604   345.824  -130.46   79.49
 -36637.442   303.403  -113.68   60.30
 -36264.316   276.308   -72.62   44.56
 -35891.226   262.356   -37.40   36.41
 -35518.170   252.225   -27.16   32.44
 -35145.151   245.229   -18.75   28.66
 -34772.167   243.439    -4.80   29.22
 -34399.218   246.013     6.90   36.89
 -34026.305   243.829    -5.86   42.99
 -33653.427   229.104   -39.49   47.44
 -33280.585   216.528   -33.73   47.27
 -32907.778   194.308   -59.60   30.79
 -32535.007   184.635   -25.95   11.98
 -32162.271   185.160     1.41   11.79
 -31789.570   189.586    11.88   19.20
 -31416.905   194.064    12.02   21.88
 -31044.275   191.805    -6.06   25.17
 -30671.681   183.100   -23.36   28.33
 -30299.122   166.821   -43.70   22.80
 -29926.598   161.175   -15.16   18.93
 -29554.110   159.456    -4.61   16.34
 -29181.657   164.438    13.38   19.06
 -28809.239   168.956    12.13   20.71
 -28436.856   171.123     5.82   20.53
 -28064.509   178.385    19.51   24.37
 -27692.197   197.229    50.61   39.38
 -27319.921   229.501    86.69   47.46
 -26947.679   259.763    81.30   32.04
 -26575.473   271.100    30.46   24.08
 -26203.302   275.840    12.74   27.31
 -25831.166   272.439    -9.14   32.70
 -25459.066   275.429     8.04   37.12
 -25087.001   286.396    29.48   36.01
 -24714.970   292.457    16.29   27.29
 -24342.975   293.575     3.01   21.26
 -23971.015   281.100   -33.54   28.09
 -23599.091   258.641   -60.39   33.10
 -23227.201   234.760   -64.22   31.49
 -22855.347   213.186   -58.02   21.09
 -22483.527   205.150   -21.61   15.31
 -22111.743   209.163    10.79   22.41
 -21739.994   211.528     6.36   25.21
 -21368.280   208.866    -7.16   22.58
 -20996.601   205.671    -8.59   16.67
 -20624.957   201.289   -11.79    9.84
 -20253.348   199.611    -4.52    8.66
 -19881.774   191.689   -21.32   14.22
 -19510.235   181.276   -28.03   16.20
 -19138.731   171.064   -27.49   13.02
 -18767.262   164.167   -18.57    4.55
 -18395.828   168.903    12.75   12.72
 -18024.429   179.786    29.30   17.53
 -17653.065   193.332    36.48   20.02
 -17281.736   210.302    45.70   16.22
 -16910.442   222.314    32.35   15.10
 -16539.183   230.493    22.03   10.33
 -16167.959   232.653     5.82    8.86
 -15796.769   229.623    -8.16   15.62
 -15425.615   222.314   -19.69   19.72
 -15054.495   216.278   -16.26   21.27
 -14683.411   208.225   -21.70   23.98
 -14312.361   202.260   -16.07   31.20
 -13941.346   192.494   -26.32   37.49
 -13570.365   178.029   -38.99   35.49
 -13199.420   167.247   -29.07   27.32
 -12828.509   161.748   -14.83   22.58
 -12453.320   151.260   -27.95   25.54
 -12075.364   141.086   -26.92   27.43
 -11697.443   121.102   -52.88   30.22
 -11319.559   104.069   -45.08   21.50
 -10941.711    91.375   -33.60   16.14
 -10563.899    81.678   -25.66    8.01
 -10186.124    77.457   -11.17    4.92
  -9808.384    74.899    -6.77    4.09
  -9430.681    73.549    -3.58    3.49
  -9053.014    70.689    -7.57    4.84
  -8675.383    67.475    -8.51    6.24
  -8297.788    61.475   -15.89    7.37
  -7920.229    56.522   -13.12    5.27
  -7542.707    54.153    -6.27    3.40
  -7165.220    54.229     0.20    3.09
  -6787.770    56.102     4.96    3.56
  -6410.355    57.939     4.87    3.21
  -6032.977    59.167     3.25    3.30
  -5655.634    60.760     4.22    4.58
  -5278.328    60.993     0.62    4.32
  -4901.058    60.725    -0.71    3.46
  -4523.823    59.278    -3.83    3.14
  -4146.625    55.684    -9.53    6.66
  -3769.463    47.975   -20.44   13.11
  -3392.336    40.109   -20.86   14.53
  -3015.246    31.115   -23.85   15.22
  -2638.191    18.808   -32.64   11.20
  -2261.173    11.225   -20.11    9.10
  -1884.190     5.382   -15.50    6.17
  -1507.243     2.197    -8.45    3.15
  -1130.332     0.393    -4.79    2.23
   -753.457    -0.525    -2.44    1.42
   -376.618    -1.025    -1.33    0.00
      0.185    -1.025     0.00    0.00
    376.953    -1.025     0.00    0.00
    753.685    -1.025     0.00    0.00
   1130.380    -1.025     0.00    0.00
   1507.040     5.064    16.17   13.68
   1883.665    13.821    23.25   20.10
   2260.253    27.653    36.73   26.97
   2636.806    42.861    40.39   27.53
   3013.323    59.242    43.51   23.07
   3389.804    72.011    33.92   15.88
   3766.249    80.512    22.58    8.26
   4142.659    85.207    12.47    5.99
   4519.033    88.371     8.41    3.68
   4895.371    89.438     2.83    2.64
   5271.674    90.144     1.88    4.30
   5647.941    91.720     4.19    6.37
   6024.172    96.666    13.14   12.13
   6400.368    99.720     8.12   12.13
   6776.528   101.031     3.49   11.36
   7152.652    99.549    -3.94   11.27
   7528.741    94.049   -14.62    9.35
   7904.794    89.013   -13.39    6.40
   8280.812    84.992   -10.69    3.84
   8656.794    83.438    -4.14    2.63
   9032.740    83.564     0.34    3.32
   9408.651    84.314     2.00    4.10
   9784.526    85.666     3.60    4.26
  10160.366    87.778     5.62    5.03
  10536.170    90.994     8.56    6.35
  10911.939    94.564     9.50    6.51
  11287.672    98.808    11.30    6.17
  11663.370   103.447    12.35    5.75
  12039.032   108.171    12.57    5.85
  12414.659   111.756     9.54    5.84
  12790.251   115.885    10.99    5.54
  13165.807   118.635     7.32    5.37
  13541.327   120.689     5.47    5.16
  13916.812   122.590     5.06    4.62
  14292.262   123.884     3.45    4.37
  14667.676   126.326     6.51    3.83
  15043.055   128.100     4.72    4.66
  15418.399   130.821     7.25    5.17
  15793.707   131.938     2.98    4.91
  16168.980   133.338     3.73    4.81
  16544.218   134.628     3.44    6.13
  16919.420   137.689     8.16    9.00
  17294.587   140.031     6.24    8.96
  17669.718   142.117     5.56    8.82
  18044.815   141.920    -0.53    7.76
  18419.876   140.419    -4.00    7.37
  18794.902   136.278   -11.04    6.58
  19169.892   133.050    -8.61    5.21
  19544.848   131.064    -5.30    3.42
  19919.768   129.917    -3.06    2.70
  20294.653   130.375     1.22    2.77
  20669.502   131.345     2.59    2.81
  21044.317   132.234     2.37    2.32
  21419.096   132.492     0.69    2.28
  21793.840   132.104    -1.04    2.47
  22168.549   131.866    -0.64    2.23
  22543.223   132.269     1.08    1.92
  22917.862   133.067     2.13    1.73
  23292.466   134.088     2.72    2.21
  23667.034   135.171     2.89    3.04
  24041.568   136.692     4.06    3.26
  24416.066   138.084     3.72    2.86
  24790.529   138.742     1.76    2.62
  25164.957   138.493    -0.67    2.86
  25539.350   137.957    -1.43    3.32
  25913.709   135.975    -5.29    3.58
  26288.032   134.084    -5.05    3.40
  26662.320   131.654    -6.49    3.63
  27036.573   129.829    -4.88    2.76
  27410.791   128.707    -3.00    2.53
  27784.974   128.197    -1.36    2.27
  28159.122   128.689     1.32    3.02
  28533.235   129.371     1.82    3.18
  28907.313   130.411     2.78    3.48
  29281.357   131.667     3.36    3.41
  29655.365   131.647    -0.05    3.08
  30029.339   131.144    -1.34    3.31
  30403.277   130.028    -2.98    3.67
  30777.181   129.220    -2.16    3.30
  31151.049   130.104     2.37    4.38
  31524.883   133.411     8.85    5.35
  31898.682   136.144     7.31    3.94
  32272.447   136.796     1.74    3.09
  32646.176   136.875     0.21    2.88
  33019.871   135.028    -4.94    3.47
  33393.530   132.956    -5.55    4.13
  33767.155   132.225    -1.96    4.04
  34140.746   131.707    -1.39    3.47
  34514.301   131.512    -0.52    3.40
  34887.822   131.367    -0.39    3.41
  35261.307   130.937    -1.15    3.98
  35634.759   131.252     0.84    4.89
  36008.175   132.602     3.61    5.49
  36381.557   134.084     3.97    4.88
  36754.904   135.843     4.71    2.77
  37128.216   135.866     0.06    1.86
  37501.494   136.144     0.75    1.81
  37874.737   135.938    -0.55    2.15
  38247.945   134.789    -3.08    3.20
  38621.119   133.345    -3.87    3.46
  38994.258   132.010    -3.58    3.03
  39367.362   130.667    -3.60    2.52
  39740.432   130.707     0.11    2.31
  40113.467   131.938     3.30    2.86
  40486.468   133.993     5.51    3.94
  40859.434   136.326     6.26    4.04
  41232.365   139.049     7.30    4.37
  41605.262   142.403     9.00    5.57
  41978.124   144.660     6.05    5.44
  42350.952   147.229     6.89    4.89
  42723.745   149.186     5.25    3.52
  43096.504   149.403     0.58    3.53
  43469.228   148.654    -2.01    4.38
  43841.918   148.266    -1.04    4.20
  44214.573   148.919     1.75    4.82
  44587.194   150.367     3.89    6.27
  44959.781   153.686     8.91    6.10
  45332.333   155.456     4.75    5.23
  45704.850   156.215     2.04    4.45
  46077.333   154.692    -4.09    5.39
  46449.782   153.492    -3.22    4.47
  46822.196   152.235    -3.38    3.28
  47194.576   151.010    -3.29    3.21
  47566.922   150.371    -1.72    3.25
  47939.233   150.123    -0.67    2.84
  48311.510   151.671     4.16    6.08
  48683.752   154.493     7.58    8.88
  49055.960   159.278    12.86   11.12
  49428.134   164.314    13.53   11.47
  49800.273   173.066    23.51   13.92
  50172.379   182.158    24.43   13.44
  50544.450   191.611    25.40   14.03
  50916.486   199.252    20.54    9.68
  51288.489   201.778     6.79    6.13
  51660.457   201.197    -1.56    6.41
  52032.391   199.814    -3.72    6.62
  52404.290   199.843     0.08    7.01
  52776.156   203.271     9.22    9.46
  53147.987   208.510    14.09   10.74
  53519.784   211.494     8.02   10.99
  53891.547   209.993    -4.04   12.70
  54263.276   206.167   -10.29   13.11
  54634.970   202.175   -10.74   10.34
  55006.630   198.503    -9.88    6.62
  55378.257   198.314    -0.51    7.42
  55749.849   200.720     6.47    9.38
  56121.407   202.882     5.82   10.10
  56492.931   206.760    10.44   12.31
  56864.420   207.767     2.71   13.38
  57235.876   212.901    13.82   17.47
  57607.298   217.609    12.68   22.37
  57978.685   224.975    19.83   25.58
  58350.039   230.513    14.91   27.80
  58721.358   230.385    -0.34   27.33
  59092.644   226.406   -10.72   22.18
  59463.895   219.528   -18.52   18.13
  59835.112   212.641   -18.55   12.58
  60206.296   211.104    -4.14   11.85
  60577.445   211.135     0.08   12.82
  60948.561   213.729     6.99   12.51
  61319.642   218.296    12.31   15.34
  61690.690   220.163     5.03   18.86
  62061.703   222.104     5.23   19.16
  62436.499   225.014     7.76   21.76
  62814.379   230.826    15.38   26.21
  63192.223   250.604    52.34   35.93
  63570.033   266.734    42.69   36.05
  63947.807   289.356    59.88   31.98
  64325.546   307.993    49.34   30.63
  64703.249   324.920    44.81   37.47
  65080.917   336.465    30.57   42.07
  65458.550   349.956    35.72   48.03
  65836.148   360.789    28.69   42.59
  66213.711   363.064     6.02   38.28
  66591.239   367.748    12.41   25.06
  66968.731   364.705    -8.06   19.01
  67346.188   358.189   -17.26   20.86
  67723.610   345.880   -32.61   21.06
  68100.997   329.403   -43.66   28.82
  68478.349   308.808   -54.57   33.76
  68855.665   294.623   -37.59   31.07
  69232.947   290.175   -11.79   30.20
  69610.193   296.880    17.77   38.92
  69987.405   311.771    39.47   44.99
  70364.581   327.648    42.09   32.05
  70741.722   323.796   -10.21   28.73
  71118.829   301.066   -60.27   37.45
  71495.900   268.050   -87.55   41.22
  71872.936   236.153   -84.59   34.53
  72249.937   219.475   -44.24   20.54
  72626.903   225.921    17.10   25.73
  73003.834   247.144    56.30   33.33
  73380.730   272.734    67.89   31.37
  73757.592   291.671    50.25   21.61
  74134.418   295.427     9.97   19.59
  74511.209   285.756   -25.66   26.72
  74887.966   274.352   -30.27   23.55
  75264.687   277.234     7.65   24.42
  75641.374   292.282    39.95   34.43
  76018.025   316.586    64.52   31.60
  76394.642   339.647    61.23   25.33
  76771.224   355.175    41.23   32.09
  77147.771   378.635    62.30   43.89
  77524.283   400.419    57.85   45.30
  77900.761   426.271    68.66   35.20
  78277.203   441.917    41.56   25.39
  78653.611   449.867    21.12   24.90
  79029.984   453.289     9.09   28.73
  79406.322   448.885   -11.70   34.14
  79782.625   439.635   -24.58   33.75
  80158.894   436.050    -9.53   35.29
  80535.128   434.653    -3.71   38.00
  80911.327   438.340     9.80   39.07
  81287.491   443.350    13.32   32.04
  81663.621   442.863    -1.29   24.04
  82039.716   437.793   -13.48   19.63
  82415.776   426.047   -31.23   21.91
  82791.802   414.623   -30.38   22.64
  83167.792   401.278   -35.49   21.06
  83543.749   389.975   -30.06   16.65
  83919.670   388.393    -4.21   21.95
  84295.557   393.710    14.15   36.14
  84671.409   397.975    11.34   40.86
  85047.227   390.439   -20.05   39.31
  85423.010   379.882   -28.09   30.75
  85798.758   365.793   -37.49   21.99
  86174.472   350.667   -40.26   18.55
  86550.151   328.289   -59.56   35.30
  86925.796   286.549  -111.11   53.37
  87301.406   250.748   -95.30   54.73
  87676.982   218.647   -85.46   35.46
  88052.523   206.308   -32.85   21.62
  88428.030   202.050   -11.34   19.34
  88803.502   209.363    19.48   23.86
  89178.939   220.901    30.73   30.98
  89554.342   236.378    41.23   34.21
  89929.711   252.197    42.14   29.10
  90305.045   265.438    35.27   26.18
  90680.345   276.010    28.17   20.35
  91055.610   284.673    23.08   12.19
  91430.841   288.163     9.30    6.48
  91806.037   286.160    -5.34    7.26
  92181.199   285.128    -2.75    7.66
  92556.327   292.653    20.06   16.30
  92931.420   305.705    34.79   20.71
  93306.479   324.284    49.53   21.22
  93681.503   343.011    49.93   19.84
  94056.493   357.993    39.95   18.86
  94431.449   375.100    45.62   21.38
  94806.371   393.386    48.77   23.73
  95181.258   407.475    37.58   20.77
  95556.111   417.359    26.37   14.37
  95930.929   413.466   -10.39   18.04
  96305.714   399.975   -35.99   21.24
  96680.464   387.692   -32.77   20.64
  97055.179   374.884   -34.18   17.90
  97429.861   361.993   -34.40   19.41
  97804.508   344.882   -45.67   19.93
  98179.121   330.056   -39.57   15.20
  98553.700   315.593   -38.61   13.98
  98928.245   304.069   -30.76   11.05
  99302.755   296.993   -18.89    7.89
  99677.231   292.541   -11.89    4.65
 100051.673   290.582    -5.23    5.03
 100426.081   286.725   -10.30    6.06
 100800.455   281.956   -12.74    7.03
 101174.795   276.419   -14.79    8.48
 101549.100   271.321   -13.62    8.72
 101923.371   262.653   -23.16   14.74
 102297.609   254.710   -21.22   17.18
 102671.812   246.421   -22.15   14.32
 103045.981   240.734   -15.20   16.08
 103420.116   238.067    -7.13   19.14
 103794.217   227.600   -27.98   29.55
 104168.284   213.680   -37.21   35.90
 104542.317   193.421   -54.16   31.73
 104916.316   179.494   -37.23   19.63
 105290.281   182.465     7.94   20.85
 105664.212   194.050    30.98   24.17
 106038.108   206.602    33.57   18.30
 106411.971   210.010     9.12   16.42
 106785.800   217.901    21.10   19.73
 107159.595   229.899    32.10   25.15
 107533.356   243.131    35.40   22.37
 107907.083   250.429    19.52   11.21
 108280.776   246.295   -11.06   12.66
 108654.436   238.314   -21.36    9.71
 109028.061   238.067    -0.66   11.32
 109401.652   247.666    25.69   19.47
 109775.210   266.779    51.16   24.80
 110148.734   285.289    49.55   21.62
 110522.223   299.863    39.02   13.18
 110895.679   308.475    23.06   12.82
 111269.101   312.492    10.76   14.55
 111642.490   312.935     1.19   14.56
 112015.844   309.778    -8.46   16.77
 112389.165   302.088   -20.60   16.57
 112762.452   294.229   -21.05   15.59
 113135.705   290.175   -10.86   12.37
 113508.924   290.419     0.65   11.36
 113882.110   292.278     4.98   13.87
 114255.262   295.821     9.49   14.71
 114628.380   300.153    11.61   13.22
 115001.464   301.821     4.47   13.99
 115374.515   298.538    -8.80   16.46
 115747.532   295.734    -7.52   18.56
 116120.515   291.763   -10.64   16.61
 116493.464   290.575    -3.19   14.61
 116866.380   289.993    -1.56   11.46
 117239.262   290.049     0.15    9.21
 117612.111   289.053    -2.67    8.42
 117984.926   283.390   -15.19   10.19
 118357.707   276.779   -17.73    8.51
 118730.455   272.012   -12.79    6.53
 119103.169   269.271    -7.35    6.23
 119475.849   268.564    -1.90    6.90
 119848.496   268.821     0.69    7.79
 120221.109   270.549     4.64   10.17
 120593.689   274.710    11.17    9.68
 120966.235   275.734     2.75    9.66
 121338.748   272.447    -8.82   13.28
 121711.227   268.155   -11.52   15.18
 122083.672   265.902    -6.05   16.61
 122456.084   263.901    -5.37   18.34
 122828.463   264.429     1.42   20.37
 123200.808   261.604    -7.59   20.83
 123573.120   254.648   -18.68   20.20
 123945.398   249.814   -12.98   18.27
 124317.642   245.697   -11.06   16.65
 124689.854   244.326    -3.68   17.62
 125062.031   243.053    -3.42   18.30
 125434.176   239.126   -10.55   18.31
 125806.287   236.835    -6.16   17.17
 126178.364   229.938   -18.53   15.88
 126550.408   222.729   -19.37   13.07
 126922.419   218.556   -11.22   12.06
 127294.396   216.390    -5.82   10.34
 127666.340   215.715    -1.81   10.35
 128038.251   219.371     9.83   13.08
 128410.128   225.427    16.28   14.94
 128781.972   233.920    22.84   14.41
 129153.783   239.090    13.90   11.34
 129525.561   239.725     1.71    9.95
 129897.305   238.190    -4.13    9.49
 130269.015   233.738   -11.98    9.00
 130640.693   226.660   -19.04   10.76
 131012.337   221.409   -14.13    9.90
 131383.948   217.475   -10.58    8.18
 131755.526   215.126    -6.32    5.93
 132127.070   216.207     2.91    6.15
 132498.582   220.635    11.92    8.13
 132870.060   227.808    19.31   10.07
 133241.505   234.720    18.61    8.05
 133612.916   236.692     5.31    5.98
 133984.295   235.321    -3.69    7.92
 134355.640   230.673   -12.52    9.79
 134726.952   223.382   -19.63    8.36
 135098.232   219.678    -9.97    5.92
 135469.477   215.857   -10.29    6.67
 135840.690   211.692   -11.22    9.79
 136211.870   204.938   -18.19   11.80
 136583.016   197.763   -19.33   11.78
 136954.130   191.564   -16.70   12.22
 137328.601   185.935   -15.03   12.91
 137706.409   180.332   -14.83   16.16
 138084.182   172.590   -20.49   17.31
 138461.921   162.938   -25.55   21.17
 138839.626   148.375   -38.55   20.35
 139217.296   139.032   -24.73   16.79
 139594.932   132.678   -16.82    9.78
 139972.534   135.131     6.50   14.84
 140350.101   146.153    29.19   25.95
 140727.634   162.345    42.88   31.05
 141105.133   174.660    32.62   28.31
 141482.598   181.742    18.76   20.68
 141860.028   182.115     0.99   13.30
 142237.424   184.047     5.12   15.49
 142614.786   191.234    19.04   20.16
 142992.113   198.393    18.97   19.70
 143369.407   206.141    20.53   14.64
 143746.666   205.578    -1.49   14.54
 144123.891   202.207    -8.94   14.75
 144501.081   203.465     3.33   14.99
 144878.238   206.975     9.30   14.21
 145255.360   209.748     7.35   12.95
 145632.448   210.378     1.67   10.50
 146009.503   208.546    -4.86    8.57
 146386.522   206.295    -5.97    6.99
 146763.508   205.123    -3.11    5.46
 147140.460   205.782     1.75    7.35
 147517.378   212.863    18.78   12.24
 147894.261   224.128    29.89   12.97
 148271.111   233.151    23.94   10.07
 148647.926   239.647    17.24    8.79
 149024.708   242.197     6.77   10.37
 149401.455   246.616    11.73   11.43
 149778.168   249.092     6.57   11.54
 150154.848   247.937    -3.07   10.15
 150531.493   244.398    -9.40   11.03
 150908.104   239.789   -12.23   10.44
 151284.681   235.446   -11.53    7.76
 151661.225   233.282    -5.75    4.66
 152037.734   233.239    -0.12    4.04
 152414.209   234.766     4.06    4.53
 152790.651   237.141     6.31    5.74
 153167.059   240.276     8.33    5.45
 153543.432   242.175     5.04    4.44
 153919.772   241.522    -1.73    5.62
 154296.078   239.475    -5.44    7.71
 154672.350   237.465    -5.34    8.90
 155048.588   233.779    -9.80   11.28
 155424.792   231.623    -5.73   10.40
 155800.962   228.465    -8.39    9.20
 156177.099   223.760   -12.51    7.69
 156553.201   219.050   -12.52    8.43
 156929.270   212.956   -16.20    9.66
 157305.305   205.220   -20.57    8.99
 157681.307   198.126   -18.86    7.95
 158057.274   193.153   -13.22    6.39
 158433.208   189.524    -9.65    3.35
 158809.108   188.492    -2.74    1.82
 159184.974   188.899     1.08    3.20
 159560.806   189.201     0.80    3.73
 159936.605   188.829    -0.99    3.10
 160312.370   188.426    -1.07    2.27
 160688.101   189.582     3.08    4.42
 161063.799   189.535    -0.13    3.92
 161439.463   190.123     1.57    4.69
 161815.093   190.220     0.26    4.45
 162190.689   190.484     0.70    4.93
 162566.252   191.421     2.49    6.85
 162941.781   191.220    -0.54    6.78
 163317.277   192.207     2.63    8.84
 163692.739   192.417     0.56    8.93
 164068.167   191.512    -2.41    8.14
 164443.562   191.359    -0.41    7.67
 164818.923   190.465    -2.38    5.73
 165194.251   192.975     6.69    9.09
 165569.545   194.692     4.57   12.07
 165944.805   201.845    19.06   17.69
 166320.032   206.975    13.67   20.79
 166695.226   213.734    18.01   24.58
 167070.385   217.095     8.96   26.01
 167445.512   218.436     3.58   28.84
 167820.604   217.692    -1.98   27.65
 168195.664   215.616    -5.53   23.12
 168570.690   214.186    -3.81   19.33
 168945.682   214.552     0.97   17.42
 169320.641   212.352    -5.87   13.90
 169695.566   211.505    -2.26   13.94
 170070.458   207.623   -10.35   11.81
 170445.317   205.258    -6.31   12.95
 170820.142   203.466    -4.78   12.64
 171194.934   200.210    -8.68   11.89
 171569.692   199.937    -0.73   11.69
 171944.417   202.220     6.09   16.90
 172319.109   211.436    24.59   25.39
 172693.767   224.401    34.60   28.21
 173068.392   240.877    43.97   24.84
 173442.984   250.367    25.33   18.01
 173817.542   248.955    -3.77   18.56
 174192.067   239.345   -25.66   20.53
 174566.558   231.067   -22.10   17.21
 174941.017   235.012    10.53   26.01
 175315.442   255.666    55.15   34.33
 175689.833   277.355    57.92   35.93
 176064.192   290.332    34.66   42.35
 176438.517   295.692    14.32   49.21
 176812.809   288.938   -18.04   52.96
 177187.068   279.215   -25.97   49.00
 177561.293   268.513   -28.59   42.20
 177935.485   260.225   -22.15   31.17
 178309.644   257.504    -7.27   22.57
 178683.770   263.189    15.19   24.08
 179057.863   271.532    22.30   24.57
 179431.922   283.314    31.49   24.32
 179805.949   292.616    24.87   21.69
 180179.942   298.877    16.74   17.46
 180553.902   297.302    -4.21   22.18
 180927.829   293.729    -9.55   27.08
 181301.723   280.748   -34.71   29.12
 181675.583   271.092   -25.82   29.36
 182049.411   261.069   -26.81   27.27
 182423.206   248.818   -32.77   14.88
 182796.967   244.917   -10.43    8.46
 183170.695   243.654    -3.38    6.98
 183544.391   245.239     4.24    7.31
 183918.053   248.455     8.61    7.90
 184291.682   253.805    14.31    8.71
 184665.278   259.597    15.50    9.16
 185038.842   264.269    12.50    8.26
 185412.372   262.234    -5.45    9.37
 185785.869   258.012   -11.30    9.76
 186159.333   251.502   -17.43   10.08
 186532.764   243.648   -21.03    9.75
 186906.163   237.046   -17.68   11.00
 187279.528   230.710   -16.97   10.91
 187652.860   226.522   -11.22   12.63
 188026.160   222.333   -11.22   14.61
 188399.426   220.895    -3.85   18.03
 188772.660   216.156   -12.69   20.94
 189145.861   213.367    -7.47   20.19
 189519.029   213.029    -0.90   21.14
 189892.164   213.861     2.23   24.19
 190265.266   217.937    10.92   26.02
 190638.335   217.429    -1.36   25.25
 191011.371   211.802   -15.08   18.00
 191384.375   212.939     3.05   19.43
 191757.346   215.795     7.66   22.78
 192130.284   219.771    10.66   23.98
 192503.189   222.654     7.73   24.15
 192876.061   222.609    -0.12   23.50
 193248.901   219.597    -8.08   20.09
 193621.707   218.205    -3.73   15.52
 193994.481   220.484     6.11   14.97
 194367.223   224.163     9.87   13.25
 194739.931   226.252     5.60   11.43
 195112.607   226.075    -0.48    9.63
 195485.250   229.878    10.21   14.35
 195857.861   239.878    26.83   27.96
 196230.438   251.071    30.03   33.08
 196602.983   272.163    56.61   28.69
 196975.495   286.234    37.76   17.73
 197347.975   290.230    10.72   12.30
 197720.422   289.201    -2.76   12.67
 198092.836   291.786     6.94   20.92
 198465.218   293.935     5.77   29.82
 198837.567   298.049    11.05   35.97
 199209.884   302.898    13.02   41.57
 199582.167   308.903    16.13   43.35
 199954.419   318.126    24.77   42.94
 200326.637   323.903    15.52   40.43
 200698.823   325.321     3.81   31.92
 201070.977   320.465   -13.04   25.73
 201443.098   313.338   -19.15   22.17
 201815.186   303.877   -25.42   17.33
 202187.242   293.775   -27.15   14.41
 202559.266   285.315   -22.74   14.18
 202931.256   276.702   -23.15   16.31
 203303.215   265.333   -30.56   17.03
 203675.141   261.786    -9.54   16.92
 204047.034   265.252     9.32   17.79
 204418.895   271.725    17.40   16.79
 204790.723   279.296    20.36   11.03
 205162.519   279.763     1.26   10.13
 205534.283   279.390    -1.00   11.45
 205906.014   278.782    -1.63   15.45
 206277.713   279.363     1.56   15.96
 206649.379   273.766   -15.06   20.82
 207021.013   257.956   -42.53   30.53
 207392.614   237.571   -54.85   29.66
 207764.184   221.282   -43.83   21.54
 208135.720   210.052   -30.22    8.00
 208507.225   207.276    -7.47    3.66
 208878.697   206.802    -1.28    2.56
 209250.136   209.994     8.59    6.83
 209621.544   214.239    11.43   11.94
 209992.919   220.571    17.05   16.34
 210364.262   224.623    10.91   19.68
 210735.572   228.484    10.40   22.11
 211106.850   227.510    -2.62   21.92
 211478.096   224.484    -8.15   19.95
 211849.310   222.647    -4.95   16.66
 212223.531   221.763    -2.36   15.83
 212601.267   225.560    10.05   19.36
 212978.969   228.993     9.09   22.73
 213356.637   232.055     8.10   25.34
 213734.272   232.475     1.11   25.97
 214111.874   232.917     1.17   24.09
 214489.442   233.067     0.40   23.38
 214866.977   237.012    10.45   23.68
 215244.479   240.956    10.45   23.47
 215621.947   246.229    13.97   23.06
 215999.381   251.375    13.63   20.23
 216376.783   253.332     5.18   18.68
 216754.151   258.398    13.42   19.74
 217131.485   268.182    25.92   30.66
 217508.786   288.156    52.93   37.08
 217886.054   305.524    46.02   35.73
 218263.289   316.845    30.00   28.71
 218640.490   323.720    18.22   18.98
 219017.658   329.775    16.05   19.94
 219394.792   336.880    18.84   21.66
 219771.893   346.522    25.56   23.14
 220148.961   353.611    18.80   27.14
 220525.996   355.504     5.02   30.19
 220902.998   360.456    13.13   32.16
 221279.966   365.935    14.53   25.22
 221656.901   372.956    18.62   21.58
 222033.803   383.107    26.92   21.35
 222410.671   387.390    11.36   24.47
 222787.507   387.028    -0.96   25.10
 223164.309   386.896    -0.35   21.94
 223541.078   382.102   -12.72   21.04
 223917.814   377.602   -11.94   18.63
 224294.516   380.012     6.40   16.00
 224671.186   388.144    21.59   19.73
 225047.822   395.282    18.95   21.65
 225424.425   407.314    31.94   26.17
 225800.995   423.269    42.36   29.30
 226177.532   449.138    68.69   42.97
 226554.036   476.543    72.77   34.91
 226930.507   486.898    27.50   27.01
 227306.945   483.419    -9.24   31.70
 227683.350   472.763   -28.30   29.03
 228059.721   464.296   -22.49   22.29
 228436.060   467.406     8.26   24.24
 228812.365   484.363    45.05   25.30
 229188.638   503.282    50.27   22.87
 229564.877   523.263    53.09   26.74
 229941.084   544.586    56.66   27.59
 230317.257   557.522    34.38   24.14
 230693.398   562.242    12.55   23.26
 231069.506   564.426     5.80   26.40
 231445.580   570.012    14.85   28.71
 231821.622   579.109    24.19   27.99
 232197.631   585.896    18.05   29.41
 232573.606   573.560   -32.80   41.93
 232949.549   550.955   -60.11   50.43
 233325.459   524.866   -69.39   36.16
 233701.336   507.878   -45.18   10.10
 234077.180   508.271     1.04    9.11
 234452.992   514.315    16.08   13.61
 234828.770   521.552    19.25   20.30
 235204.516   528.648    18.88   27.03
 235580.229   530.917     6.04   26.98
 235955.909   529.811    -2.94   28.34
 236331.556   525.616   -11.16   32.28
 236707.170   525.734     0.31   35.07
 237082.751   526.683     2.53   32.09
 237458.300   536.918    27.25   31.02
 237833.816   547.321    27.70   34.30
 238209.299   557.628    27.45   36.41
 238584.749   564.902    19.37   33.78
 238960.167   570.840    15.81   29.54
 239335.552   581.263    27.76   26.78
 239710.904   590.266    23.98   26.87
 240086.224   587.436    -7.54   34.22
 240461.510   577.398   -26.74   40.49
 240836.764   565.802   -30.89   44.06
 241211.986   549.321   -43.91   43.52
 241587.174   535.767   -36.12   44.87
 241962.330   520.014   -41.98   44.79
 242337.454   499.495   -54.68   49.28
 242712.544   474.786   -65.86   47.12
 243087.602   454.112   -55.11   38.93
 243462.628   435.295   -50.16   18.85
 243837.621   427.201   -21.58    5.38
 244212.581   426.567    -1.69    3.72
 244587.508   427.288     1.92    5.60
 244962.403   432.779    14.64   12.52
 245337.266   441.455    23.14   16.52
 245712.096   448.935    19.95   15.20
 246086.893   452.522     9.57   10.82
 246461.658   449.975    -6.80   11.03
 246836.390   444.520   -14.55   12.24
 247211.090   439.386   -13.70   11.09
 247585.757   434.050   -14.24   12.60
 247960.392   432.622    -3.81   14.10
 248334.994   424.210   -22.45   18.52
 248709.564   416.567   -20.40   19.92
 249084.101   406.249   -27.54   20.88
 249458.606   397.011   -24.66   16.07
 249833.078   388.109   -23.77   12.31
 250207.518   381.178   -18.51   13.46
 250581.926   373.504   -20.49   15.56
 250956.301   365.446   -21.52   15.17
 251330.643   358.560   -18.39   11.96
 251704.954   352.435   -16.36   12.09
 252079.232   347.439   -13.34   15.24
 252453.477   342.522   -13.14   17.41
 252827.690   335.847   -17.83   17.48
 253201.871   325.898   -26.58   20.94
 253576.019   323.705    -5.86   25.84
 253950.135   333.215    25.41   38.28
 254324.219   350.759    46.89   40.12
 254698.271   368.826    48.29   30.45
 255072.290   376.955    21.73   29.89
 255446.277   379.684     7.29   37.76
 255820.231   379.371    -0.84   39.56
 256194.153   374.590   -12.78   37.67
 256568.043   362.029   -33.59   36.38
 256941.901   356.824   -13.92   25.97
 257315.727   360.135     8.86   24.31
 257689.520   371.815    31.24   28.31
 258063.281   381.465    25.81   31.62
 258437.010   390.975    25.44   32.51
 258810.706   399.032    21.56   27.82
 259184.371   405.752    17.98   26.60
 259558.003   410.955    13.92   27.83
 259931.603   407.957    -8.02   34.15
 260305.171   406.877    -2.89   34.54
 260678.707   405.578    -3.47   31.55
 261052.210   409.167     9.61   32.64
 261425.682   419.880    28.68   37.29
 261799.121   435.186    40.98   35.81
 262172.528   444.465    24.84   24.14
 262545.903   439.193   -14.12   18.04
 262919.246   434.532   -12.48   15.82
 263292.557   434.382    -0.40   18.27
 263665.836   438.859    11.99   21.50
 264039.083   448.729    26.44   18.33
 264412.298   456.558    20.97   14.01
 264785.480   456.937     1.02   11.23
 265158.631   451.302   -15.10   14.21
 265531.750   440.995   -27.62   15.31
 265904.836   432.648   -22.37   12.34
 266277.891   429.126    -9.44   12.61
 266650.914   427.033    -5.61   14.96
 267023.904   427.675     1.72   18.92
 267396.863   435.033    19.73   26.19
 267769.790   440.558    14.81   30.96
 268142.684   448.109    20.24   25.75
 268515.547   454.878    18.15   25.17
 268888.378   452.902    -5.30   23.81
 269261.177   440.821   -32.40   26.03
 269633.944   429.503   -30.35   25.93
 270006.679   416.455   -35.00   22.00
 270379.382   406.109   -27.75   22.91
 270752.054   396.578   -25.57   23.65
 271124.693   390.628   -15.96   22.04
 271497.301   384.993   -15.12   21.64
 271869.877   379.013   -16.05   24.72
 272242.420   376.138    -7.71   21.43
 272614.933   383.112    18.72   22.48
 272987.413   388.503    14.47   25.78
 273359.861   396.782    22.22   20.37
 273732.278   398.590     4.85   15.08
 274104.663   386.088   -33.56   21.83
 274477.016   367.215   -50.67   23.09
 274849.337   349.411   -47.80   22.97
 275221.627   334.622   -39.71   19.81
 275593.884   325.356   -24.88   17.60
 275966.110   318.877   -17.40   15.69
 276338.305   320.417     4.14   19.91
 276710.467   321.193     2.08   19.94
 277082.598   320.167    -2.76   18.38
 277454.697   310.171   -26.86   22.15
 277826.765   291.775   -49.43   25.79
 278198.800   271.808   -53.65   26.03
 278570.805   257.445   -38.60   18.77
 278942.777   250.843   -17.75   15.13
 279314.718   250.571    -0.73   15.83
 279686.627   248.053    -6.77   15.87
 280058.504   257.029    24.13   25.21
 280430.350   271.786    39.67   32.51
 280802.164   296.320    65.97   33.17
 281173.947   321.602    67.98   23.07
 281545.698   336.289    39.50   17.86
 281917.418   346.255    26.80   20.78
 282289.106   355.590    25.11   24.80
 282660.762   372.661    45.92   32.01
 283032.387   395.700    61.98   36.76
 283403.980   419.419    63.81   33.41
 283775.542   436.131    44.97   30.70
 284147.072   452.128    43.04   31.77
 284518.570   453.494     3.67   30.76
 284890.037   449.609   -10.45   30.34
 285261.473   439.204   -28.01   32.24
 285632.877   435.475   -10.04   29.25
 286004.250   443.378    21.28   33.68
 286375.591   456.475    35.26   38.96
 286746.901   474.321    48.05   38.84
 287120.930   481.144    18.24   40.08
 287498.596   483.775     6.96   36.46
 287876.229   477.035   -17.84   28.85
 288253.829   466.230   -28.61   24.07
 288631.397   455.628   -28.07   24.26
 289008.932   441.131   -38.39   24.58
 289386.435   422.994   -48.03   30.31
 289763.905   409.484   -35.78   31.64
 290141.343   404.739   -12.57   33.00
 290518.748   404.566    -0.46   45.16
 290896.120   394.975   -25.41   56.54
 291273.460   369.720   -66.91   74.83
 291650.767   344.524   -66.76   67.44
 292028.042   329.590   -39.57   43.07
 292405.285   336.163    17.42   34.99
 292782.495   359.622    62.17   36.25
 293159.672   391.225    83.76   31.59
 293536.817   419.210    74.18   35.60
 293913.930   444.975    68.30   28.04
 294291.010   458.269    35.24   18.36
 294668.058   461.263     7.94   15.35
 295045.073   462.340     2.86   19.09
 295422.056   474.955    33.45   27.22
 295799.007   491.537    43.98   33.65
 296175.925   520.092    75.74   43.42
 296552.811   551.151    82.38   39.44
 296929.664   571.095    52.91   26.92
 297306.485   574.552     9.17   22.42
 297683.274   566.532   -21.28   28.11
 298060.030   555.975   -28.01   23.98
 298436.754   548.808   -19.02   20.69
 298813.446   547.230    -4.19   19.88
 299190.105   550.602     8.95   21.64
 299566.733   556.315    15.16   21.18
 299943.327   558.126     4.81   24.15
 300319.890   564.759    17.61   24.96
 300696.420   573.128    22.22   22.34
 301072.919   571.475    -4.39   20.22
 301449.384   558.210   -35.22   29.61
 301825.818   539.151   -50.61   36.01
 302202.219   519.355   -52.58   35.39
 302578.589   502.918   -43.66   36.76
 302954.926   491.524   -30.27   35.72
 303331.230   479.340   -32.37   36.45
 303707.503   482.308     7.89   40.52
 304083.743   476.071   -16.57   37.38
 304459.952   468.210   -20.89   34.82
 304836.128   467.835    -1.00   32.58
 305212.272   468.049     0.57   34.61
 305588.384   470.367     6.16   35.44
 305964.463   471.378     2.69   29.30
 306340.511   469.537    -4.90   23.23
 306716.527   477.032    19.93   27.98
 307092.510   491.475    38.40   29.59
 307468.461   505.014    36.00   21.22
 307844.381   508.084     8.16   24.83
 308220.268   507.622    -1.23   24.35
 308596.123   502.597   -13.36   29.82
 308971.946   501.704    -2.38   34.20
 309347.737   497.225   -11.92   32.83
 309723.497   488.415   -23.44   32.98
 310099.224   482.112   -16.77   34.08
 310474.919   468.438   -36.39   36.58
 310850.582   462.775   -15.07   43.39
 311226.213   453.100   -25.75   43.40
