# NaN NaN NaN ;Mean Elev.(m), Avg Gradient(m/km), RMS Gradient(m/km) - SRTM1     
#   -1.659  -1.991   5.968 ;Mean Elev.(m), Avg Gradient(m/km), RMS Gradient(m/km) - ASTER GDEM
#    1.793  -0.768   3.998 ;Mean Elev.(m), Avg Gradient(m/km), RMS Gradient(m/km) - GMTED2010 
  7 286.870333  46.053778    -8.549    -8.517  3 52448.09507468 24.820
  8 286.880015  46.054935     4.264     4.256  4 52483.09506315 22.576
  9 286.887519  46.056579     3.928     3.762  5 52518.09502072 37.706
 11 286.885234  46.055172    15.651    16.075  5 52588.09505038 16.781
 12 286.886742  46.055884    10.769    10.802  4 52623.09500669 21.680
 13 286.882804  46.054844     4.192     4.180  5 52658.09502163 43.802
 15 286.883275  46.055873     8.569     9.316  4 52728.09504346 31.321
 16 286.878235  46.054710     4.753     4.721  3 52763.09505652 29.331
 17 286.880874  46.055387     4.176     4.184  4 52798.09502688 28.434
 18 286.881094  46.054143    18.307    19.276  4 52833.09509738 17.121
 19 286.886135  46.056174     8.646     8.111  5 52868.09514013 19.011
 20 286.883282  46.053903     3.776     3.823  4 52903.09515557 24.662
 21 286.887785  46.056274     4.586     4.585  4 52938.09509347 35.085
 22 286.877076  46.054124    12.820    12.077  3 52973.09512716 16.336
 23 286.877103  46.054119     5.666     5.673  3 53008.09513612 49.904
 24 286.873114  46.054129     5.284     5.272  3 53043.09509306 43.112
 25 286.878769  46.054516     5.263     5.322  3 53078.09512609 41.864
 26 286.870526  46.052229     5.582     5.558  3 53113.09509642 46.583
 27 286.876163  46.054300     4.988     4.992  3 53148.09514145 37.079
 28 286.886313  46.055053    12.298    11.565  5 53183.09514075 17.268
 29 286.881765  46.053745    13.013    11.326  4 53218.09516476 21.148
 30 286.883513  46.054513    12.076    11.697  4 53253.09514258 16.985
 31 286.869481  46.052603    12.640    12.491  3 53288.09514344 15.280
 32 286.888317  46.054974     4.231     4.153  5 53323.09511915 23.623
 33 286.890924  46.056459     4.613     4.612  5 53358.09508397 43.938
 34 286.875285  46.053591     5.041     5.090  3 53393.09509956 41.498
 35 286.887814  46.057557     5.067     5.070  5 53428.09509448 43.637
 36 286.878861  46.055040    10.880    10.883  4 53463.09511303 25.796
 37 286.873265  46.053596    11.972    11.776  4 53498.09518413 20.159
 38 286.885959  46.055968     4.258     4.241  5 53533.09516650 26.762
 39 286.877702  46.053611     3.994     4.034  3 53568.09518478 24.861
 40 286.888230  46.055230     7.410     8.416  5 53603.09513018 32.124
 41 286.872942  46.054922     4.266     4.167  3 53638.09512872 31.056
 42 286.875227  46.054029     6.408     5.668  4 53673.09514887 25.660
 43 286.891383  46.057073    13.335    12.844  5 53708.09508038 14.310
 44 286.893375  46.057763     4.994     4.940  5 53743.09499152 47.546
 45 286.884910  46.056361     5.267     5.353  5 53778.09501837 46.491
 46 286.891447  46.057697     5.410     5.380  5 53813.09499376 40.540
 47 286.874471  46.052799     5.507     5.485  3 53848.09504921 23.126
 49 286.873440  46.054648     5.600     4.357  3 53918.09513124 25.865
 50 286.874257  46.052510     8.910    10.616  3 53953.09513388 21.477
 52 286.877707  46.054636    11.591    11.179  4 54023.09511391 19.234
 53 286.887629  46.056095    14.475    13.340  4 54058.09510609 17.233
 54 286.886968  46.055911    12.232    11.666  5 54093.09508674 23.259
 55 286.876865  46.053056     5.274     5.337  3 54128.09502382 44.086
 56 286.881516  46.056179     5.319     5.307  4 54163.09505654 38.967
 57 286.877710  46.054153     5.907     4.889  4 54198.09502626 25.580
 58 286.880218  46.055784     5.572     4.702  4 54233.09507028 23.029
 59 286.882961  46.054170     5.391     4.694  4 54268.09508875 22.733
 60 286.882644  46.055836     4.475     4.457  4 54303.09509271 25.151
 61 286.884955  46.055264    10.837    10.962  5 54338.09507807 26.325
 62 286.880108  46.054476     3.836     3.858  3 54373.09502573 28.471
 63 286.881731  46.056330    12.264    10.958  4 54408.09502369 17.080
 64 286.876390  46.053292     4.162     4.088  3 54443.09498617 37.239
 65 286.883027  46.054851     6.078     6.133  4 54478.09501264 46.140
 66 286.877378  46.053865     5.071     5.083  4 54513.09500133 46.440
 67 286.884160  46.055146     4.838     4.881  4 54548.09502647 37.025
 68 286.881973  46.054750     8.231     8.140  4 54583.09499740 23.965
 69 286.881952  46.055052    10.201    10.114  5 54618.09501785 21.868
 70 286.880979  46.053493    12.715    12.085  4 54653.09502939 17.272
 71 286.883844  46.055886     8.296     8.304  4 54688.09501928 21.064
 72 286.877446  46.053827     7.831     8.473  4 54723.09497723 22.552
 73 286.881686  46.056403     5.398     3.792  4 54758.09499484 21.344
 74 286.874346  46.054906    12.776    12.012  3 54793.09497052 18.077
 75 286.880994  46.054967     4.923     4.945  4 54828.09499299 45.920
 76 286.878397  46.053397     5.184     5.212  4 54863.09496444 48.291
 77 286.882055  46.055226     5.030     5.012  4 54898.09499270 36.479
 78 286.878104  46.053815    11.846    11.794  3 54933.09495947 17.312
 79 286.881479  46.054830     9.974    10.521  4 54968.09499422 25.552
 80 286.878767  46.054461    13.428    13.025  4 55003.09501384 16.187
 81 286.883316  46.054610    13.361    12.903  4 55038.09500047 14.065
 82 286.884951  46.054627    14.182    12.707  4 55073.09498623 19.564
 83 286.877030  46.054384    16.619    19.339  3 55108.09493284 22.172
 84 286.882060  46.055067     4.362     4.289  4 55143.09493732 24.720
 85 286.876569  46.053685     3.651     3.826  3 55178.09490499 20.239
 86 286.881532  46.056158     4.524     4.458  4 55213.09493230 37.274
 87 286.879386  46.054142     4.385     4.437  4 55248.09490558 34.399
 88 286.882755  46.055464     6.807     6.509  4 55283.09492589 20.781
 89 286.880353  46.055648     4.696     4.692  4 55318.09489613 35.736
 90 286.882980  46.055221    16.273    16.186  4 55353.09489860 16.400
 91 286.876369  46.053615     3.858     3.779  3 55388.09489556 33.566
 92 286.882784  46.055653     3.578     3.586  4 55423.09491643 27.347
 93 286.886215  46.054981     6.156     3.623  5 55458.09488846 23.887
