-127935.286   380.909     0.00   14.13
-127562.877   378.634    -6.11   15.21
-127190.503   372.290   -17.04   16.10
-126818.165   365.901   -17.16   16.89
-126445.862   360.468   -14.59   15.16
-126073.594   356.026   -11.94   13.49
-125701.361   353.341    -7.21   16.25
-125329.164   349.946    -9.12   20.57
-124957.002   334.919   -40.38   30.37
-124584.875   316.667   -49.05   34.82
-124212.784   297.311   -52.03   31.72
-123840.728   278.936   -49.39   21.95
-123468.707   270.829   -21.79   16.83
-123096.721   269.286    -4.15   18.25
-122724.770   275.837    17.61   25.11
-122352.855   276.633     2.14   28.71
-121980.975   271.776   -13.06   31.41
-121609.130   261.441   -27.80   28.99
-121237.320   253.446   -21.51   20.18
-120865.545   257.115     9.87   19.67
-120493.805   269.090    32.22   23.43
-120122.101   287.115    48.50   23.89
-119750.432   301.569    38.89   26.21
-119378.797   314.419    34.58   24.85
-119007.198   330.483    43.24   28.66
-118635.634   351.508    56.59   34.86
-118264.105   371.794    54.61   27.10
-117892.611   378.797    18.86   20.48
-117521.152   373.967   -13.01   25.15
-117149.728   360.223   -37.01   28.48
-116778.339   340.614   -52.81   30.69
-116406.985   318.460   -59.66   29.92
-116035.666   292.977   -68.64   31.95
-115664.382   284.167   -23.73   31.66
-115293.133   272.990   -30.11   31.83
-114921.919   260.026   -34.93   39.99
-114550.740   237.508   -60.67   50.60
-114179.596   192.632  -120.93   54.28
-113808.487   157.409   -94.92   43.45
-113437.412   134.686   -61.24   30.46
-113066.373   128.977   -15.39   30.41
-112695.369   148.472    52.55   44.95
-112324.399   180.045    85.12   45.99
-111953.464   218.544   103.80   46.64
-111577.519   254.726    96.25   41.57
-111199.526   280.740    68.83   29.32
-110821.569   299.631    49.99   18.70
-110443.649   307.794    21.60   22.45
-110065.765   311.101     8.75   26.95
-109687.917   316.366    13.93   27.61
-109310.106   315.365    -2.65   24.88
-108932.330   311.090   -11.32   21.06
-108554.591   306.901   -11.09   17.30
-108176.888   304.468    -6.44   17.83
-107799.222   308.068     9.53   18.47
-107421.591   311.633     9.44   18.05
-107043.997   318.196    17.38   15.07
-106666.439   321.377     8.43   12.04
-106288.917   320.994    -1.02   13.01
-105911.431   320.959    -0.09   14.13
-105533.981   321.468     1.35   18.46
-105156.568   318.959    -6.65   20.59
-104779.190   319.401     1.17   19.84
-104401.849   323.353    10.48   17.12
-104024.543   330.205    18.16   13.88
-103647.274   336.856    17.63   12.00
-103270.041   342.941    16.13   14.59
-102892.843   345.450     6.65   12.34
-102515.682   343.829    -4.30   13.13
-102138.557   342.517    -3.48   17.15
-101761.468   330.505   -31.86   24.13
-101384.415   318.927   -30.71   28.41
-101007.397   307.456   -30.43   30.33
-100630.416   297.151   -27.34   25.57
-100253.471   289.068   -21.44   17.68
 -99876.562   287.847    -3.24   14.84
 -99499.688   296.115    21.94   23.03
 -99122.851   303.649    20.00   27.18
 -98746.049   313.294    25.60   29.93
 -98369.283   329.186    42.19   32.78
 -97992.553   342.508    35.36   33.02
 -97615.859   350.760    21.91   27.23
 -97239.201   351.158     1.06   24.32
 -96862.579   346.919   -11.26   21.40
 -96485.993   341.131   -15.37   15.35
 -96109.442   345.222    10.87   14.95
 -95732.927   350.667    14.46   14.19
 -95356.448   355.511    12.87   12.23
 -94980.005   355.432    -0.21   12.93
 -94603.598   356.240     2.15   18.05
 -94227.226   358.977     7.27   22.95
 -93850.890   362.575     9.56   25.16
 -93474.590   362.214    -0.96   19.54
 -93098.325   355.898   -16.79   13.38
 -92722.096   351.079   -12.81   12.79
 -92345.903   351.554     1.26   14.94
 -91969.746   349.454    -5.58   16.66
 -91593.624   346.149    -8.79   18.98
 -91217.538   339.650   -17.28   22.78
 -90841.488   318.794   -55.47   32.94
 -90465.473   295.554   -61.81   33.87
 -90089.494   272.865   -60.35   29.54
 -89713.550   259.837   -34.66   21.89
 -89337.643   252.723   -18.93   33.57
 -88961.770   240.395   -32.80   37.22
 -88585.934   231.814   -22.84   41.49
 -88210.132   216.811   -39.92   40.63
 -87834.367   198.353   -49.13   28.58
 -87458.637   191.168   -19.12   23.68
 -87082.942   192.059     2.37   29.65
 -86707.283   198.286    16.58   36.02
 -86331.660   214.215    42.41   51.57
 -85956.072   238.169    63.78   58.61
 -85580.519   268.611    81.07   47.95
 -85205.002   288.964    54.21   23.68
 -84829.521   275.595   -35.61   30.18
 -84454.075   254.206   -56.98   34.04
 -84078.664   242.169   -32.07   34.70
 -83703.289   246.033    10.29   45.70
 -83327.949   264.204    48.42   52.93
 -82952.644   288.927    65.88   41.37
 -82577.375   283.760   -13.77   44.12
 -82202.142   267.169   -44.22   45.51
 -81826.943   245.784   -57.00   35.43
 -81451.781   232.632   -35.06   28.25
 -81076.653   219.590   -34.77   26.13
 -80701.561   206.941   -33.73   22.83
 -80326.504   195.409   -30.75   18.37
 -79951.482   187.667   -20.64    9.88
 -79576.496   190.454     7.43   14.91
 -79201.545   203.316    34.31   31.00
 -78826.629   219.977    44.44   37.13
 -78451.749   244.898    66.48   40.35
 -78076.903   264.853    53.24   33.77
 -77702.093   275.498    28.40   36.22
 -77327.319   280.097    12.27   36.30
 -76952.579   283.760     9.78   33.62
 -76577.875   288.311    12.15   30.45
 -76203.206   295.669    19.64   21.80
 -75828.572   300.594    13.15   20.60
 -75453.973   287.472   -35.03   32.68
 -75079.409   277.546   -26.50   33.01
 -74704.881   265.177   -33.03   28.76
 -74330.387   262.501    -7.15   24.56
 -73955.929   273.490    29.35   26.31
 -73581.506   283.595    26.99   22.79
 -73207.118   291.483    21.07   17.41
 -72832.765   292.865     3.69   15.01
 -72458.447   278.094   -39.46   28.61
 -72084.164   258.723   -51.76   34.64
 -71709.916   247.529   -29.91   31.93
 -71335.704   249.323     4.79   30.83
 -70961.526   255.800    17.31   26.79
 -70587.383   258.740     7.86   20.77
 -70213.276   257.837    -2.41   18.01
 -69839.203   256.390    -3.87   14.25
 -69465.165   254.742    -4.41   12.63
 -69091.163   246.667   -21.59   14.46
 -68717.195   235.972   -28.60   17.65
 -68343.262   227.726   -22.05   15.01
 -67969.364   220.669   -18.88   12.55
 -67595.501   215.335   -14.27   13.80
 -67221.673   208.936   -17.12   15.54
 -66847.880   201.579   -19.68   14.86
 -66474.122   198.120    -9.25   11.78
 -66100.399   196.508    -4.32   10.17
 -65726.710   196.592     0.23   11.18
 -65353.056   196.501    -0.24   12.18
 -64979.438   192.392   -11.00   16.93
 -64605.854   182.250   -27.15   21.03
 -64232.305   168.535   -36.72   17.37
 -63858.790   161.359   -19.21   10.92
 -63485.311   157.742    -9.69    8.00
 -63111.866   158.038     0.79    8.65
 -62738.456   162.297    11.41   10.62
 -62365.081   164.705     6.45   12.49
 -61991.740   168.865    11.14   15.00
 -61618.435   172.936    10.91   15.36
 -61245.164   172.865    -0.19   15.86
 -60871.928   170.594    -6.09   15.24
 -60498.726   165.468   -13.73   12.86
 -60125.559   164.075    -3.73   12.18
 -59752.427   168.112    10.82   15.87
 -59379.329   176.311    21.98   19.86
 -59006.267   182.575    16.79   20.85
 -58633.238   188.505    15.90   19.14
 -58260.245   194.071    14.92   15.19
 -57887.286   195.883     4.86   12.46
 -57514.362   198.686     7.52    8.26
 -57141.472   197.311    -3.69   11.54
 -56768.617   190.001   -19.61   15.00
 -56395.796   184.008   -16.08   16.61
 -56023.011   174.321   -25.99   17.31
 -55650.259   167.168   -19.19   17.27
 -55277.542   162.075   -13.66   16.97
 -54904.860   156.859   -14.00   16.93
 -54532.212   153.341    -9.44   15.76
 -54159.599   150.206    -8.41   13.91
 -53787.020   146.919    -8.82   13.05
 -53414.476   144.422    -6.70   13.40
 -53041.966   140.479   -10.59   15.24
 -52669.491   137.419    -8.22   16.96
 -52297.050   136.297    -3.01   17.56
 -51924.644   135.740    -1.50   17.69
 -51552.272   139.316     9.60   19.41
 -51179.934   136.341    -7.99   23.18
 -50807.631   129.206   -19.16   24.37
 -50435.362   119.595   -25.82   23.64
 -50063.128   106.724   -34.58   13.90
 -49690.928   101.436   -14.21   11.70
 -49318.762    96.020   -14.56   12.03
 -48946.631    91.936   -10.97   10.05
 -48574.534    90.133    -4.85    8.62
 -48202.472    87.837    -6.17   12.21
 -47830.443    81.347   -17.45   21.87
 -47458.449    77.546   -10.22   25.60
 -47086.490    75.919    -4.38   26.49
 -46714.564    78.590     7.18   27.13
 -46342.673    83.742    13.85   23.72
 -45970.817    84.779     2.79   23.56
 -45598.994    82.902    -5.05   19.27
 -45227.206    79.776    -8.41   17.65
 -44855.452    78.631    -3.08   18.03
 -44483.732    75.579    -8.21   18.87
 -44112.046    73.724    -4.99   18.89
 -43740.395    69.359   -11.75   15.06
 -43368.777    66.340    -8.12   12.19
 -42997.194    62.905    -9.25   11.18
 -42625.645    59.932    -8.00   10.94
 -42254.131    57.883    -5.52   10.04
 -41882.650    54.890    -8.06    8.84
 -41511.204    51.383    -9.44    7.46
 -41139.791    48.432    -7.95    6.16
 -40768.413    45.297    -8.44    4.93
 -40397.069    42.919    -6.41    4.16
 -40025.759    41.139    -4.79    3.57
 -39654.483    39.414    -4.65    2.81
 -39283.241    38.186    -3.31    2.28
 -38912.033    37.038    -3.09    2.90
 -38540.859    35.186    -4.99    3.47
 -38169.719    34.268    -2.47    3.62
 -37798.613    32.837    -3.86    3.30
 -37427.542    32.286    -1.48    3.22
 -37056.504    32.234    -0.14    2.53
 -36680.959    31.316    -2.44    2.47
 -36303.043    30.268    -2.77    2.64
 -35925.162    28.879    -3.68    3.24
 -35547.316    26.794    -5.52    4.72
 -35169.506    23.840    -7.82    6.54
 -34791.730    19.597   -11.23    8.45
 -34413.991    15.705   -10.30    8.97
 -34036.286    12.390    -8.78    8.01
 -33658.617     9.294    -8.20    6.03
 -33280.983     7.039    -5.97    3.15
 -32903.384     6.204    -2.21    1.56
 -32525.820     6.020    -0.49    1.44
 -32148.292     5.832    -0.50    1.35
 -31770.799     5.668    -0.43    1.34
 -31393.341     5.649    -0.05    1.41
 -31015.919     5.722     0.19    1.37
 -30638.531     6.090     0.98    1.27
 -30261.179     6.232     0.38    1.18
 -29883.862     6.328     0.25    1.21
 -29506.580     6.129    -0.53    1.36
 -29129.333     5.901    -0.60    1.41
 -28752.121     5.650    -0.66    1.43
 -28374.945     5.446    -0.54    1.54
 -27997.803     5.398    -0.13    1.66
 -27620.697     5.414     0.04    1.67
 -27243.626     5.045    -0.98    1.72
 -26866.589     4.508    -1.42    1.73
 -26489.588     4.050    -1.21    1.71
 -26112.622     3.781    -0.71    1.48
 -25735.691     3.309    -1.25    1.27
 -25358.795     3.490     0.48    1.11
 -24981.934     3.483    -0.02    1.09
 -24605.108     3.631     0.39    1.17
 -24228.317     4.133     1.33    1.31
 -23851.561     4.647     1.37    1.61
 -23474.840     5.403     2.01    1.63
 -23098.154     5.872     1.24    1.37
 -22721.503     6.071     0.53    2.01
 -22344.886     5.959    -0.30    2.10
 -21968.305     5.804    -0.41    2.24
 -21591.759     5.633    -0.45    2.31
 -21215.247     5.520    -0.30    2.60
 -20838.770     5.501    -0.05    2.16
 -20462.329     5.365    -0.36    2.18
 -20085.922     5.486     0.32    1.99
 -19709.550     5.919     1.15    2.21
 -19333.213     6.988     2.84    2.44
 -18956.910     8.959     5.24    3.90
 -18580.643    11.468     6.67    4.78
 -18204.410    13.460     5.29    5.34
 -17828.212    15.151     4.49    5.32
 -17452.049    15.743     1.57    5.50
 -17075.920    14.760    -2.61    5.34
 -16699.827    12.882    -4.99    3.96
 -16323.768    11.969    -2.43    3.13
 -15947.744    10.779    -3.17    2.20
 -15571.754    10.686    -0.25    2.21
 -15195.800    10.486    -0.53    2.33
 -14819.880    11.252     2.04    2.69
 -14443.994    12.260     2.68    2.65
 -14068.144    14.417     5.74    3.13
 -13692.328    16.335     5.10    4.31
 -13316.547    17.779     3.84    4.55
 -12940.800    18.883     2.94    4.57
 -12565.088    20.118     3.29    4.78
 -12189.411    20.460     0.91    4.59
 -11813.768    20.853     1.05    3.88
 -11438.160    20.244    -1.62    3.83
 -11062.586    19.050    -3.18    4.55
 -10687.047    18.333    -1.91    4.72
 -10311.543    17.311    -2.72    5.38
  -9936.073    16.501    -2.16    4.94
  -9560.637    15.797    -1.87    4.60
  -9185.237    15.365    -1.15    3.95
  -8809.870    15.079    -0.76    3.14
  -8434.539    14.669    -1.09    2.74
  -8059.241    13.422    -3.32    3.88
  -7683.979    11.856    -4.17    4.29
  -7308.750    10.168    -4.50    4.58
  -6933.556     9.109    -2.82    4.30
  -6558.397     8.044    -2.84    4.83
  -6183.272     7.592    -1.20    4.95
  -5808.182     6.168    -3.80    5.16
  -5433.126     5.039    -3.01    5.24
  -5058.104     4.441    -1.60    5.23
  -4683.117     3.706    -1.96    5.23
  -4308.164     3.741     0.09    5.51
  -3933.245     2.853    -2.37    5.23
  -3558.361     2.668    -0.49    5.11
  -3183.511     1.818    -2.27    4.48
  -2808.696     1.725    -0.25    4.27
  -2433.915     0.983    -1.98    3.43
  -2059.168     0.609    -1.00    2.76
  -1684.455     0.294    -0.84    2.46
  -1309.777    -0.106    -1.07    1.26
   -935.133    -0.314    -0.55    0.00
   -560.524    -0.314     0.00    0.00
   -185.948    -0.276     0.10    0.27
    188.593    -0.242     0.09    0.37
    563.100    -0.174     0.18    0.57
    937.572    -0.077     0.26    0.88
   1312.011    -0.182    -0.28    0.68
   1686.415    -0.314    -0.35    0.00
   2060.785    -0.314     0.00    0.00
   2435.121    -0.219     0.25    0.40
   2809.423    -0.171     0.13    0.48
   3183.690    -0.147     0.06    0.50
   3557.923    -0.203    -0.15    0.42
   3932.123    -0.141     0.17    0.55
   4306.288    -0.087     0.14    0.75
   4680.419     0.101     0.50    1.01
   5054.516     0.723     1.66    2.10
   5428.578     1.631     2.43    2.80
   5802.607     2.575     2.53    3.21
   6176.602     3.988     3.78    3.41
   6550.562     5.090     2.95    3.65
   6924.489     6.890     4.81    3.61
   7298.381     8.013     3.00    3.76
   7672.239     9.454     3.85    3.77
   8046.064    10.611     3.09    3.66
   8419.854    11.883     3.40    4.31
   8793.611    13.384     4.02    4.65
   9167.333    14.872     3.98    4.79
   9541.021    15.508     1.70    4.55
   9914.676    16.471     2.58    3.66
  10288.296    15.923    -1.47    2.78
  10661.883    16.109     0.50    1.99
  11035.436    16.983     2.34    2.73
  11408.954    17.856     2.34    3.18
  11782.439    18.994     3.05    3.94
  12155.890    20.258     3.38    4.13
  12529.307    20.964     1.89    3.92
  12902.690    20.923    -0.11    3.64
  13276.040    20.340    -1.56    3.34
  13649.355    19.075    -3.39    2.51
  14022.637    18.561    -1.38    1.99
  14395.884    18.341    -0.59    1.70
  14769.098    18.007    -0.89    1.40
  15142.279    18.305     0.80    1.62
  15515.425    18.120    -0.49    1.60
  15888.537    17.964    -0.42    1.68
  16261.616    17.724    -0.64    1.45
  16634.661    17.533    -0.51    0.96
  17007.673    17.523    -0.03    0.96
  17380.650    17.475    -0.13    1.02
  17753.594    19.061     4.25    4.15
  18126.504    22.026     7.95    7.27
  18499.380    24.759     7.33    8.30
  18872.223    27.760     8.05    8.38
  19245.032    30.668     7.80    8.32
  19617.807    33.419     7.38    7.58
  19990.549    36.549     8.40    5.63
  20363.257    38.341     4.81    3.75
  20735.931    38.879     1.44    4.17
  21108.572    39.575     1.87    3.36
  21481.179    40.244     1.79    4.51
  21853.752    41.510     3.40    3.25
  22226.292    42.168     1.77    3.71
  22598.798    42.446     0.75    3.98
  22971.271    43.305     2.31    2.88
  23343.710    43.475     0.46    2.75
  23716.116    43.630     0.42    2.79
  24088.488    43.946     0.85    2.65
  24460.826    44.409     1.24    2.85
  24833.131    43.724    -1.84    4.01
  25205.402    44.329     1.63    5.52
  25577.640    45.951     4.36    6.37
  25949.845    48.258     6.20    6.25
  26322.016    51.403     8.45    4.65
  26694.153    51.797     1.06    3.79
  27066.257    50.832    -2.60    3.42
  27438.328    49.745    -2.92    2.41
  27810.365    49.901     0.42    2.56
  28182.368    49.946     0.12    2.46
  28554.339    48.057    -5.08    5.79
  28926.276    44.894    -8.50    9.06
  29298.179    40.837   -10.91   10.48
  29670.049    36.541   -11.55   10.24
  30041.886    33.206    -8.97    9.98
  30413.689    30.395    -7.56    8.85
  30785.459    28.196    -5.92    7.92
  31157.196    27.168    -2.77    7.04
  31528.899    26.566    -1.62    6.25
  31900.569    25.554    -2.72    4.45
  32272.206    26.353     2.15    4.86
  32643.809    26.290    -0.17    3.83
  33015.379    25.969    -0.86    3.80
  33386.916    25.240    -1.96    2.33
  33758.420    24.898    -0.92    2.15
  34129.890    24.483    -1.12    1.98
  34501.327    24.205    -0.75    2.22
  34872.731    24.139    -0.18    2.19
  35244.101    24.468     0.89    2.18
  35615.439    24.586     0.32    2.00
  35986.743    24.923     0.91    1.88
  36358.014    25.083     0.43    1.80
  36729.251    24.538    -1.47    1.76
  37100.456    23.994    -1.47    1.70
  37471.627    23.235    -2.04    1.30
  37842.766    23.151    -0.23    1.35
  38217.983    23.196     0.12    1.20
  38595.828    23.223     0.07    1.30
  38973.639    23.263     0.11    1.05
  39351.415    22.983    -0.74    1.09
  39729.157    22.649    -0.88    1.02
  40106.865    22.359    -0.77    1.23
  40484.538    22.177    -0.48    1.22
  40862.177    22.101    -0.20    1.17
  41239.781    22.057    -0.12    1.23
  41617.351    22.020    -0.10    1.26
  41994.887    21.969    -0.13    1.57
  42372.388    21.590    -1.00    1.62
  42749.855    21.268    -0.85    1.79
  43127.288    21.271     0.01    1.71
  43504.686    20.988    -0.75    1.25
  43882.050    20.630    -0.95    1.22
  44259.380    20.606    -0.06    1.23
  44636.676    20.427    -0.48    1.12
  45013.937    20.064    -0.96    1.38
  45391.164    19.959    -0.28    1.22
  45768.357    19.863    -0.26    1.63
  46145.516    19.988     0.33    1.71
  46522.640    20.020     0.08    1.53
  46899.730    20.148     0.34    1.75
  47276.786    20.575     1.13    1.76
  47653.808    20.932     0.95    1.70
  48030.796    21.365     1.15    1.66
  48407.749    21.552     0.50    1.53
  48784.669    21.328    -0.59    1.95
  49161.554    20.279    -2.78    3.20
  49538.405    19.166    -2.95    3.07
  49915.222    18.990    -0.47    2.96
  50292.005    18.743    -0.66    2.55
  50668.754    18.541    -0.54    2.40
  51045.469    18.105    -1.16    2.47
  51422.149    17.611    -1.31    2.15
  51798.796    16.919    -1.84    2.90
  52175.408    16.286    -1.68    2.99
  52551.987    15.472    -2.16    2.93
  52928.532    14.139    -3.54    2.58
  53305.042    13.501    -1.69    2.31
  53681.519    12.232    -3.37    2.21
  54057.961    11.611    -1.65    1.66
  54434.370    11.758     0.39    1.58
  54810.744    12.137     1.01    1.55
  55187.085    12.818     1.81    1.40
  55563.391    13.234     1.10    1.23
  55939.664    13.608     0.99    1.18
  56315.903    14.740     3.01    2.05
  56692.108    16.252     4.02    2.71
  57068.279    18.409     5.73    3.09
  57444.416    20.763     6.26    2.26
  57820.519    22.186     3.78    1.65
  58196.589    23.052     2.30    1.40
  58572.624    23.196     0.38    1.14
  58948.626    23.020    -0.47    1.10
  59324.594    22.816    -0.54    0.93
  59700.528    24.083     3.37    3.05
  60076.428    25.446     3.63    3.68
  60452.294    27.781     6.21    4.20
  60828.127    30.244     6.55    3.09
  61203.926    31.479     3.29    2.04
  61579.691    32.205     1.93    1.45
  61955.422    31.983    -0.59    1.45
  62331.119    31.571    -1.10    1.63
  62706.783    31.118    -1.21    1.69
  63082.413    30.909    -0.56    1.69
  63458.010    31.071     0.43    1.68
  63833.572    31.520     1.19    1.54
  64209.101    32.252     1.95    1.54
  64584.596    32.615     0.97    1.32
  64960.058    32.804     0.50    1.24
  65335.486    33.071     0.71    1.29
  65710.880    33.186     0.31    1.04
  66086.241    33.398     0.56    1.16
  66461.568    33.723     0.87    1.12
  66836.861    34.139     1.11    1.20
  67212.121    34.490     0.93    1.17
  67587.347    36.026     4.09    2.58
  67962.540    37.909     5.02    3.41
  68337.699    39.795     5.03    3.20
  68712.824    41.059     3.37    2.43
  69087.916    41.612     1.48    2.07
  69462.975    41.529    -0.22    1.36
  69838.000    41.468    -0.16    1.29
  70212.991    42.422     2.54    2.51
  70587.949    43.611     3.17    3.09
  70962.873    45.811     5.87    3.71
  71337.764    48.079     6.05    3.40
  71712.621    49.632     4.14    2.96
  72087.445    50.763     3.02    2.90
  72462.236    51.168     1.08    3.02
  72836.992    51.783     1.64    3.32
  73211.716    51.941     0.42    2.93
  73586.406    51.395    -1.46    3.35
  73961.063    50.913    -1.29    3.14
  74335.686    49.762    -3.07    2.83
  74710.276    48.843    -2.45    2.27
  75084.833    49.460     1.65    2.47
  75459.356    50.786     3.54    3.59
  75833.846    52.994     5.89    3.91
  76208.302    54.403     3.76    3.05
  76582.725    54.667     0.71    2.09
  76957.115    54.630    -0.10    2.13
  77331.472    54.148    -1.29    2.32
  77705.795    53.800    -0.93    2.21
  78080.085    53.746    -0.14    2.08
  78454.341    54.464     1.92    2.25
  78828.565    55.554     2.91    2.39
  79202.755    56.286     1.96    2.37
  79576.911    57.244     2.56    1.87
  79951.035    57.427     0.49    2.20
  80325.125    57.609     0.49    2.19
  80699.182    57.417    -0.51    2.14
  81073.206    57.686     0.72    2.03
  81447.197    57.646    -0.11    1.93
  81821.155    57.883     0.63    1.97
  82195.079    58.328     1.19    1.83
  82568.970    58.523     0.52    2.11
  82942.828    58.837     0.84    2.06
  83316.653    59.158     0.86    2.17
  83690.445    59.079    -0.21    2.17
  84064.203    58.314    -2.05    2.55
  84437.929    57.032    -3.43    3.36
  84811.621    55.571    -3.91    3.79
  85185.281    54.479    -2.92    4.07
  85558.907    53.533    -2.53    4.27
  85932.500    52.275    -3.37    3.60
  86306.060    51.240    -2.77    1.91
  86679.587    51.158    -0.22    2.24
  87053.081    51.168     0.03    2.35
  87426.542    51.206     0.10    2.70
  87799.970    50.909    -0.80    2.80
  88173.365    50.628    -0.75    2.66
  88546.727    51.083     1.22    3.38
  88920.056    51.554     1.26    3.64
  89293.352    51.913     0.96    3.47
  89666.615    51.611    -0.81    3.21
  90039.845    51.571    -0.11    2.68
  90413.042    52.101     1.42    2.74
  90786.206    53.020     2.46    3.41
  91159.338    54.853     4.91    3.66
  91532.436    56.667     4.86    3.45
  91905.502    57.723     2.83    3.87
  92278.534    58.475     2.01    3.94
  92651.534    59.472     2.67    4.28
  93024.501    60.706     3.31    4.28
  93397.435    60.975     0.72    4.16
  93770.336    61.573     1.60    3.90
  94143.204    62.379     2.16    3.62
  94516.039    61.686    -1.86    3.32
  94888.842    61.275    -1.10    2.87
  95261.612    62.311     2.78    3.66
  95634.349    65.763     9.26    5.78
  96007.053    69.432     9.84    6.13
  96379.724    73.159    10.00    3.93
  96752.363    74.033     2.34    3.28
  97124.969    72.311    -4.62    4.95
  97497.542    69.765    -6.83    5.59
  97870.083    67.068    -7.24    4.82
  98242.590    65.148    -5.15    3.26
  98615.065    64.932    -0.58    2.92
  98987.508    66.609     4.50    4.35
  99359.917    68.471     5.00    4.98
  99732.294    72.250    10.15    6.21
 100104.638    76.875    12.42    6.68
 100476.950    82.050    13.90    7.11
 100849.229    86.498    11.95    7.10
 101221.475    90.422    10.54    5.71
 101593.689    92.770     6.31    5.01
 101965.870    93.436     1.79    4.33
 102338.018    93.109    -0.88    3.54
 102710.134    92.403    -1.90    2.94
 103082.217    91.271    -3.04    2.82
 103454.268    90.595    -1.82    2.88
 103826.286    89.216    -3.71    2.16
 104198.272    88.479    -1.98    2.58
 104570.225    87.538    -2.53    4.16
 104942.145    87.167    -1.00    5.15
 105314.033    87.409     0.65    5.56
 105685.888    89.275     5.02    5.48
 106057.711    90.526     3.36    4.96
 106429.502    90.932     1.09    4.74
 106801.260    91.759     2.23    5.11
 107172.985    93.456     4.56    6.34
 107544.678    96.101     7.12    7.17
 107916.338   100.305    11.31    5.54
 108287.966   103.235     7.89    4.22
 108659.562   105.395     5.81    3.75
 109031.125   107.086     4.55    4.06
 109402.656   110.705     9.74    5.65
 109774.154   116.271    14.98    7.35
 110145.620   122.353    16.37    8.84
 110517.054   128.969    17.81    8.31
 110888.455   133.628    12.54    6.75
 111259.824   138.305    12.59    7.00
 111631.161   142.743    11.95    7.28
 112002.465   148.875    16.51    7.89
 112373.737   153.686    12.96    7.07
 112744.976   156.667     8.03    5.29
 113119.935   158.395     4.61    5.00
 113497.706   160.628     5.91    5.63
 113875.444   163.781     8.35    6.90
 114253.148   169.781    15.88    9.44
 114630.819   177.167    19.56    9.28
 115008.456   183.109    15.73    8.64
 115386.059   191.941    23.39   10.48
 115763.629   201.118    24.30   12.23
 116141.166   211.913    28.59   14.69
 116518.669   225.206    35.21   15.18
 116896.138   236.498    29.91   13.70
 117273.575   248.648    32.19   11.62
 117650.977   259.416    28.53   10.30
 118028.347   268.366    23.71   12.45
 118405.683   277.725    24.80   13.00
 118782.985   284.853    18.89   14.37
 119160.254   292.913    21.36   15.36
 119537.490   300.252    19.45   16.29
 119914.693   309.800    25.31   16.65
 120291.862   317.978    21.68   13.90
 120668.997   325.131    18.96   12.38
 121046.100   338.026    34.19   17.10
 121423.169   351.450    35.60   22.56
 121800.204   369.667    48.31   22.39
 122177.207   383.252    36.03   16.21
 122554.176   389.309    16.06   13.97
 122931.112   386.966    -6.21   17.34
 123308.014   381.705   -13.96   16.21
 123684.884   378.513    -8.47   12.53
 124061.720   378.250    -0.70    9.69
 124438.522   384.118    15.57   11.71
 124815.292   393.177    24.04   12.94
 125192.028   405.590    32.95   13.88
 125568.732   416.475    28.89   10.77
 125945.401   425.335    23.52   10.50
 126322.038   434.763    25.03    9.79
 126698.642   443.044    21.98    9.91
 127075.212   451.059    21.28   10.37
 127451.750   459.783    23.16   12.45
 127828.254   467.120    19.49   13.06
 128204.725   474.879    20.61   11.67
 128581.163   480.649    15.33   10.96
 128957.567   484.608    10.52   11.35
 129333.939   489.490    12.97   12.12
 129710.277   490.417     2.46   10.44
 130086.583   490.302    -0.31    8.77
 130462.855   487.573    -7.25    9.35
 130839.095   484.006    -9.48   15.84
 131215.301   479.959   -10.76   24.09
 131591.474   477.608    -6.25   29.51
 131967.615   471.883   -15.22   35.03
 132343.722   462.456   -25.06   37.22
 132719.796   449.856   -33.50   38.55
 133095.837   427.403   -59.70   33.72
 133471.845   409.961   -46.38   27.61
 133847.821   393.964   -42.54   20.47
 134223.763   382.235   -31.19   12.67
 134599.672   375.050   -19.11    9.75
 134975.549   368.139   -18.38    7.18
 135351.392   363.859   -11.39    5.69
 135727.203   361.195    -7.09    3.75
 136102.980   359.510    -4.48    4.08
 136478.725   355.631   -10.32    7.48
 136854.437   348.412   -19.21   13.14
 137230.116   337.214   -29.80   17.24
 137605.762   323.573   -36.31   19.00
 137981.375   310.706   -34.25   20.50
 138356.955   295.177   -41.34   21.74
 138732.503   277.824   -46.20   21.46
 139108.017   261.850   -42.53   22.31
 139483.499   247.446   -38.35   19.49
 139858.948   237.441   -26.65   14.99
 140234.365   231.379   -16.15    9.23
 140609.748   229.090    -6.10    5.99
 140985.099   228.632    -1.22    5.32
 141360.417   229.007     1.00    5.52
 141735.702   230.222     3.24    6.28
 142110.954   233.526     8.80    9.28
 142486.174   237.723    11.18   13.88
 142861.361   246.686    23.89   19.62
 143236.515   256.922    27.28   22.34
 143611.637   274.195    46.04   28.05
 143986.726   286.609    33.09   27.82
 144361.782   301.268    39.08   25.14
 144736.805   314.436    35.11   24.45
 145111.796   328.594    37.75   30.68
 145486.754   350.255    57.76   36.36
 145861.680   374.052    63.46   34.45
 146236.573   397.875    63.54   26.53
 146611.433   415.302    46.48   21.83
 146986.261   429.850    38.81   18.13
 147361.056   438.498    23.07   14.56
 147735.818   441.446     7.86   10.15
 148110.548   436.291   -13.75   15.55
 148485.246   415.513   -55.44   31.87
 148859.910   382.186   -88.94   40.91
 149234.543   357.446   -66.03   35.05
 149609.142   343.913   -36.12   23.20
 149983.710   341.535    -6.35   23.87
 150358.244   345.647    10.98   22.58
 150732.746   351.353    15.23   16.14
 151107.216   351.412     0.16   13.05
 151481.653   353.446     5.43   15.80
 151856.058   359.186    15.33   15.29
 152230.430   365.648    17.26   14.93
 152604.770   369.762    10.99   15.28
 152979.077   372.451     7.18   13.09
 153353.352   373.157     1.89   10.83
 153727.594   374.244     2.90    8.26
 154101.804   371.978    -6.05    7.81
 154475.982   365.557   -17.16   12.55
 154850.127   362.629    -7.82   12.69
 155224.240   362.868     0.64   13.48
 155598.321   366.898    10.77   16.05
 155972.369   374.783    21.08   17.08
 156346.385   378.431     9.75   19.29
 156720.368   383.859    14.51   22.55
 157094.319   385.797     5.18   19.37
 157468.238   381.946   -10.30   15.58
 157842.124   375.520   -17.19   15.49
 158215.978   367.441   -21.61   13.86
 158589.800   363.141   -11.50    9.23
 158963.590   366.686     9.48   15.48
 159337.347   378.475    31.54   25.96
 159711.072   396.479    48.17   31.24
 160084.765   413.166    44.65   31.87
 160458.425   421.112    21.26   30.18
 160832.054   417.843    -8.75   25.89
 161205.650   414.508    -8.93   20.44
 161579.214   412.206    -6.16   16.82
 161952.745   411.686    -1.39   17.75
 162326.245   415.686    10.71   25.11
 162699.712   419.353     9.82   36.65
 163073.147   421.508     5.77   41.35
 163446.550   418.886    -7.02   32.03
 163819.921   428.086    24.64   38.95
 164193.260   442.922    39.73   48.79
 164566.566   464.573    57.99   57.00
 164939.841   491.158    71.21   72.79
 165313.083   501.494    27.69   77.84
 165686.293   486.123   -41.18   77.32
 166059.471   464.517   -57.89   58.50
 166432.618   439.835   -66.13   34.36
 166805.732   422.766   -45.74   13.82
 167178.813   420.316    -6.57   13.83
 167551.863   418.436    -5.04   19.26
 167924.881   416.098    -6.27   23.41
 168297.867   410.686   -14.51   30.88
 168670.821   402.373   -22.29   32.40
 169043.743   391.159   -30.06   35.14
 169416.632   379.255   -31.92   32.85
 169789.490   368.290   -29.40   33.35
 170162.316   359.866   -22.59   30.09
 170535.110   351.917   -21.32   26.67
 170907.872   345.466   -17.30   24.54
 171280.602   339.571   -15.81   24.09
 171653.300   331.686   -21.15   23.43
 172025.966   325.379   -16.92   19.89
 172398.600   320.649   -12.69   15.28
 172771.202   317.994    -7.12   14.19
 173143.772   320.129     5.73   16.84
 173516.311   323.332     8.60   21.75
 173888.817   324.648     3.53   23.14
 174261.292   328.628    10.68   25.66
 174633.735   329.139     1.37   24.15
 175006.146   331.932     7.50   18.80
 175378.525   334.868     7.88   15.10
 175750.872   344.529    25.94   19.47
 176123.188   359.206    39.41   29.95
 176495.472   387.109    74.94   36.27
 176867.723   421.166    91.47   40.51
 177239.944   470.723   133.12   68.03
 177612.132   526.566   150.01   83.15
 177984.288   596.723   188.48   95.12
 178356.413   683.101   232.08  102.37
 178728.506   744.105   163.92   96.33
 179100.568   775.686    84.87   85.33
 179472.597   785.611    26.67   91.49
 179844.595   786.951     3.60   79.56
 180216.561   799.020    32.44   86.18
 180588.496   806.446    19.96   92.24
 180960.398   848.886   114.10   95.95
 181332.269   904.759   150.22  110.87
 181704.109   964.513   160.67  117.14
 182075.917   994.797    81.44   88.23
 182447.693   983.302   -30.92   88.45
 182819.437   930.843  -141.09  108.95
 183191.150   834.868  -258.15  100.34
 183562.831   764.592  -189.04   89.45
 183934.481   706.722  -155.68   66.65
 184306.099   679.526   -73.17   44.86
 184677.685   688.946    25.34   46.08
 185049.240   702.783    37.23   51.27
 185420.763   729.294    71.35   53.87
 185792.255   733.898    12.39   78.44
 186163.715   722.549   -30.55  102.27
 186535.144   678.795  -117.78  117.72
 186906.541   642.648   -97.31   99.25
 187277.906   630.816   -31.85   66.14
 187649.240   652.837    59.29   77.81
 188024.000   715.781   167.92  119.09
 188401.698   771.436   147.33  130.15
 188779.363   825.592   143.37  129.15
 189156.996   867.686   111.45  115.95
 189534.596   891.879    64.06  105.71
 189912.163   891.353    -1.39  106.09
 190289.698   868.956   -59.31  113.66
 190667.200   821.460  -125.79  118.21
 191044.669   766.902  -144.51   95.13
 191422.106   746.784   -53.29   85.49
 191799.510   743.649    -8.31   81.42
 192176.882   762.436    49.77   90.94
 192554.221   778.441    42.41   91.28
 192931.528   785.824    19.56   79.78
 193308.802   778.875   -18.41   60.83
 193686.043   776.417    -6.51   49.94
 194063.252   762.451   -37.02   41.64
 194440.429   780.268    47.23   67.72
 194817.573   808.244    74.16   92.23
 195194.684   870.554   165.20  116.51
 195571.764   940.802   186.26   99.94
 195948.810   980.969   106.51   88.47
 196325.824  1020.917   105.94   66.76
 196702.806  1022.079     3.08   60.14
 197079.755  1003.468   -49.36   65.74
 197456.672   976.071   -72.67   59.04
 197833.556   958.045   -47.82   46.53
 198210.408   969.686    30.89   51.52
 198587.228   995.853    69.43   58.03
 198964.015  1053.167   152.08   70.62
 199340.769  1110.314   151.65   90.27
 199717.492  1163.632   141.50   81.02
 200094.182  1193.837    80.17   61.39
 200470.840  1203.592    25.89   55.88
 200847.465  1190.866   -33.78   75.26
 201224.058  1187.630    -8.59   88.26
 201600.619  1173.783   -36.77   92.58
 201977.147  1184.373    28.12   81.85
 202353.643  1217.159    87.07   82.96
 202730.107  1267.951   134.89   72.23
 203106.539  1319.649   137.31   55.56
 203482.938  1361.466   111.08   59.05
 203859.305  1394.743    88.40   81.81
 204235.640  1395.609     2.30  109.22
 204611.942  1369.980   -68.09  139.89
 204988.212  1297.468  -192.67  160.45
 205364.450  1255.441  -111.68  144.82
 205740.656  1224.252   -82.89  140.80
 206116.830  1211.466   -33.98  148.09
 206492.972  1205.932   -14.71  128.98
 206869.081  1168.879   -98.50   94.07
 207245.158  1140.177   -76.30   64.61
 207621.203  1103.777   -96.77   58.44
 207997.216  1087.517   -43.24   56.33
 208373.197  1072.964   -38.70   64.23
 208749.145  1076.646     9.79   91.45
 209125.062  1084.101    19.83  104.29
 209500.946  1076.725   -19.62  111.37
 209876.798  1055.506   -56.44  108.95
 210252.618   984.886  -187.87  105.60
 210628.407   916.988  -180.64  108.05
 211004.163   825.977  -242.16   92.75
 211379.887   756.306  -185.39   64.68
 211755.579   714.983  -109.97   44.27
 212131.238   693.879   -56.17   39.19
 212506.866   689.137   -12.62   47.58
 212882.462   681.297   -20.87   51.90
 213258.026   669.456   -31.52   42.57
 213633.558   655.250   -37.82   23.33
 214009.058   650.353   -13.04   14.58
 214384.526   661.242    28.99   24.72
 214759.962   673.946    33.83   33.22
 215135.366   685.726    31.37   33.60
 215510.738   687.800     5.52   34.07
 215886.078   681.000   -18.11   34.28
 216261.386   665.559   -41.13   30.70
 216636.662   659.922   -15.02   28.43
 217011.907   664.139    11.24   26.62
 217387.119   658.966   -13.78   24.28
 217762.300   654.216   -12.66   27.83
 218137.448   639.552   -39.08   32.36
 218512.565   618.765   -55.40   30.44
 218887.650   608.905   -26.28   27.60
 219262.703   606.321    -6.89   26.60
 219637.725   603.667    -7.07   30.95
 220012.714   599.226   -11.84   29.25
 220387.672   589.951   -24.73   23.16
 220762.598   581.379   -22.86   19.08
 221137.492   580.206    -3.13   18.58
 221512.354   588.446    21.97   28.78
 221887.185   598.898    27.88   34.10
 222261.983   607.923    24.07   40.42
 222636.750   619.326    30.42   44.96
 223011.486   622.575     8.67   42.85
 223386.189   620.882    -4.52   40.76
 223760.861   608.431   -33.22   46.65
 224135.501   579.629   -76.86   45.31
 224510.109   556.784   -60.97   35.43
 224884.686   544.414   -33.02   16.21
 225259.231   548.666    11.35   18.51
 225633.744   558.139    25.29   18.94
 226008.226   557.569    -1.52   20.30
 226382.676   546.529   -29.47   16.71
 226757.094   539.333   -19.21   12.51
 227131.481   533.569   -15.39   10.48
 227505.836   530.559    -8.04   12.46
 227880.159   528.456    -5.62   15.34
 228254.451   529.800     3.59   19.12
 228628.712   531.564     4.71   20.36
 229002.940   535.045     9.30   20.57
 229377.137   538.824    10.10   22.91
 229751.303   543.902    13.57   20.83
 230125.437   555.090    29.90   23.27
 230499.539   564.882    26.17   24.64
 230873.610   559.723   -13.79   27.55
 231247.649   552.000   -20.64   36.09
 231621.657   543.612   -22.42   37.97
 231995.634   545.166     4.15   45.61
 232369.578   564.513    51.73   60.54
 232743.492   589.922    67.94   60.49
 233117.374   602.529    33.71   57.14
 233491.224   596.105   -17.18   52.34
 233865.043   587.956   -21.79   43.51
 234238.830   585.818    -5.72   37.54
 234612.586   594.275    22.62   41.83
 234986.311   604.366    26.99   39.52
 235360.004   609.020    12.45   31.84
 235733.666   610.590     4.20   24.23
 236107.296   612.392     4.82   20.02
 236480.895   614.006     4.32   18.01
 236854.463   610.347    -9.79   18.53
 237227.999   602.980   -19.72   18.74
 237601.504   594.608   -22.41   18.41
 237974.977   581.041   -36.32   23.35
 238348.420   574.412   -17.75   24.38
 238721.830   572.366    -5.48   28.28
 239095.210   585.745    35.82   38.83
 239468.558   593.309    20.25   33.38
 239841.875   591.922    -3.72   35.56
 240215.161   580.417   -30.81   33.85
 240588.415   577.436    -7.98   33.52
 240961.638   595.475    48.32   48.90
 241334.830   601.832    17.03   61.57
 241707.990   583.686   -48.62   77.80
 242081.119   537.177  -124.62   95.67
 242454.217   495.667  -111.23   83.67
 242827.284   455.686  -107.14   61.21
 243200.320   440.071   -41.85   43.63
 243573.324   434.098   -16.01   36.07
 243946.297   431.628    -6.62   32.45
 244319.239   435.686    10.88   32.69
 244692.150   428.478   -19.33   37.10
 245065.030   419.398   -24.35   38.32
 245437.878   401.033   -49.24   41.41
 245810.696   388.118   -34.63   34.58
 246183.482   368.177   -53.48   32.28
 246556.237   357.762   -27.93   24.34
 246928.961   356.066    -4.55   23.76
 247301.654   364.846    23.55   33.67
 247674.315   385.059    54.22   40.15
 248046.946   409.707    66.13   34.25
 248419.546   423.120    35.99   34.83
 248792.114   443.569    54.87   46.17
 249164.651   465.612    59.16   53.87
 249537.158   490.821    67.66   60.27
 249909.633   520.446    79.51   69.04
 250282.077   552.314    85.54   69.46
 250654.491   583.255    83.06   60.24
 251026.873   618.494    94.61   51.76
 251399.224   646.020    73.90   42.81
 251771.544   656.464    28.05   36.53
 252143.834   660.506    10.85   28.36
 252516.092   653.668   -18.37   22.88
 252888.319   647.013   -17.87   21.38
 253260.516   644.649    -6.35   20.10
 253632.681   646.569     5.16   22.98
 254004.816   661.451    39.98   39.19
 254376.919   690.157    77.12   54.87
 254748.992   710.931    55.82   53.15
 255121.033   721.316    27.91   44.49
 255493.044   716.765   -12.23   39.95
 255865.024   711.686   -13.65   29.04
 256236.973   714.649     7.96   28.12
 256608.891   715.486     2.25   33.13
 256980.779   724.026    22.96   34.09
 257352.635   728.244    11.34   31.85
 257724.461   715.988   -32.95   27.42
 258096.256   697.326   -50.18   32.66
 258468.020   685.328   -32.27   29.05
 258839.753   688.086     7.42   32.81
 259211.455   703.365    41.09   33.10
 259583.127   707.083    10.00   29.19
 259954.767   701.214   -15.79   33.74
 260326.377   679.235   -59.13   41.02
 260697.956   657.186   -59.32   44.90
 261069.505   630.557   -71.65   44.40
 261441.023   619.235   -30.47   43.02
 261812.510   612.186   -18.97   47.35
 262183.966   600.686   -30.95   46.92
 262555.391   604.538    10.37   57.79
 262930.000   598.529   -16.04   69.09
 263307.632   589.890   -22.87   76.30
 263685.232   585.922   -10.51   76.15
 264062.800   570.333   -41.27   57.67
 264440.336   574.479    10.98   50.00
 264817.841   578.266    10.03   51.35
 265195.314   570.905   -19.50   53.55
 265572.755   554.328   -43.91   56.66
 265950.164   529.723   -65.18   59.37
 266327.542   502.006   -73.42   57.40
 266704.888   480.941   -55.81   46.16
 267082.202   470.215   -28.42   40.42
 267459.484   465.506   -12.48   34.47
 267836.735   470.422    13.03   37.01
 268213.954   475.956    14.66   40.18
 268591.142   485.797    26.09   50.48
 268968.297   510.746    66.13   74.59
 269345.421   535.490    65.59   93.72
 269722.514   550.366    39.44   81.90
 270099.574   555.401    13.35   66.23
 270476.603   554.649    -1.99   53.67
 270853.601   545.090   -25.35   44.22
 271230.566   532.177   -34.25   45.30
 271607.501   516.667   -41.14   38.41
 271984.403   507.306   -24.83   33.16
 272361.274   493.215   -37.38   32.46
 272738.114   486.216   -18.57   27.37
 273114.921   485.294    -2.45   26.27
 273491.698   494.216    23.67   27.40
 273868.442   503.083    23.53   22.39
 274245.156   508.667    14.82   22.85
 274621.837   511.791     8.29   26.51
 274998.488   512.667     2.33   29.93
 275375.106   511.686    -2.60   31.09
 275751.693   519.902    21.81   35.52
 276128.249   551.033    82.65   71.64
 276504.773   582.994    84.86   81.14
 276881.266   611.569    75.88   64.40
 277257.727   612.082     1.36   62.47
 277634.157   582.216   -79.32   58.25
 278010.555   559.066   -61.49   34.19
 278386.922   576.806    47.12   49.11
 278763.257   619.859   114.37   62.95
 279139.562   660.843   108.88   57.90
 279515.834   711.196   133.78   39.86
 279892.075   725.095    36.93   30.61
 280268.285   731.090    15.93   41.85
 280644.464   709.966   -56.14   68.00
 281020.611   678.941   -82.46   67.75
 281396.727   669.611   -24.80   58.74
 281772.811   659.840   -25.97   45.67
 282148.864   657.177    -7.08   45.28
 282524.886   662.584    14.38   42.59
 282900.877   643.837   -49.85   38.83
 283276.836   624.157   -52.33   37.31
 283652.764   606.486   -46.99   45.57
 284028.660   582.535   -63.70   52.19
 284404.525   565.784   -44.55   52.75
 284780.359   539.032   -71.16   47.92
 285156.162   515.569   -62.42   37.18
 285531.934   509.742   -15.50   33.49
 285907.674   498.931   -28.76   37.28
 286283.383   492.079   -18.23   46.06
 286659.061   475.498   -44.12   45.07
 287034.708   462.177   -35.45   28.45
 287410.323   458.353   -10.18   28.83
 287785.907   460.314     5.22   34.34
 288161.460   455.436   -12.98   37.68
 288536.982   444.726   -28.51   34.58
 288912.473   440.913   -10.15   29.46
 289287.932   437.359    -9.46   28.72
 289663.361   429.471   -21.01   34.43
 290038.758   415.668   -36.76   40.05
 290414.124   406.961   -23.19   39.73
 290789.459   402.520   -11.83   39.61
 291164.763   410.966    22.50   55.30
 291540.036   420.724    25.99   63.18
 291915.278   424.726    10.66   71.96
 292290.489   440.569    42.21   76.85
 292665.668   427.083   -35.94   76.29
 293040.817   414.353   -33.92   78.20
 293415.934   399.101   -40.65   73.52
 293791.021   399.046    -0.15   63.90
 294166.076   413.668    38.97   53.58
 294541.101   429.333    41.76   46.39
 294916.094   441.045    31.22   36.48
 295291.057   448.745    20.53   33.56
 295665.988   450.926     5.82   36.84
 296040.889   441.328   -25.60   36.02
 296415.758   432.386   -23.85   41.69
 296790.597   402.129   -80.70   50.32
 297165.404   374.588   -73.46   35.49
 297540.181   371.086    -9.34   30.60
 297914.927   392.098    56.05   40.69
 298289.642   413.936    58.26   39.60
 298664.325   424.431    28.00   32.02
 299038.978   417.462   -18.60   32.77
 299413.601   404.290   -35.15   34.67
 299788.192   392.216   -32.22   26.37
 300162.752   386.632   -14.90   28.32
 300537.282   383.667    -7.91   37.74
 300911.780   358.075   -68.31   53.00
 301286.248   319.386  -103.29   57.07
 301660.685   288.549   -82.33   51.52
 302035.091   270.994   -46.87   37.01
 302409.466   264.606   -17.06   27.60
 302783.811   264.158    -1.20   27.85
 303158.124   277.765    36.34   39.57
 303532.407   312.983    94.07   67.85
 303906.659   374.922   165.45   95.11
 304280.881   432.255   153.16   81.22
 304655.071   452.529    54.17   59.14
 305029.231   466.339    36.90   52.18
 305403.360   471.667    14.24   48.05
 305777.459   481.966    27.52   37.24
 306151.526   490.045    21.59   37.16
 306525.563   489.802    -0.65   43.79
 306899.569   485.390   -11.79   44.21
 307273.545   482.000    -9.06   39.66
 307647.490   473.804   -21.91   40.94
 308021.404   461.340   -33.32   35.32
 308395.287   458.469    -7.68   29.39
 308769.140   463.417    13.23   28.94
 309142.962   491.546    75.22   47.47
 309516.754   516.223    66.00   51.94
 309890.515   545.961    79.54   48.29
 310264.245   567.196    56.80   53.03
 310637.945   572.946    15.38   49.14
 311011.614   578.466    14.77   44.48
 311385.252   582.321    10.31   41.72
 311758.860   575.686   -17.75   36.84
 312132.437   564.804   -29.12   41.11
 312505.984   544.186   -55.18   44.04
 312879.500   518.837   -67.84   40.71
 313252.986   495.486   -62.50   32.38
 313626.441   487.255   -22.03   36.90
 313999.866   487.353     0.26   42.56
 314373.260   491.124    10.10   45.41
 314746.624   492.071     2.54   40.47
 315119.957   477.197   -39.83   40.92
 315493.259   457.098   -53.82   42.58
 315866.531   424.784   -86.54   46.49
 316239.773   396.513   -75.72   51.42
 316612.984   368.506   -75.02   51.97
 316986.165   340.966   -73.77   40.40
 317359.315   318.177   -61.05   31.89
 317732.435   300.582   -47.14   21.39
 318105.524   290.033   -28.27   17.30
 318478.583   283.246   -18.18   15.18
 318851.612   278.412   -12.96   12.47
 319224.610   274.628   -10.14   10.08
 319597.578   271.725    -7.78    8.83
 319970.516   266.506   -13.99    8.69
 320343.423   260.926   -14.96    9.37
 320716.299   255.177   -15.42    7.91
 321089.146   253.395    -4.78    7.83
 321461.962   255.359     5.27    8.31
 321834.747   256.346     2.65    5.90
 322207.503   256.235    -0.30    6.09
 322580.228   254.628    -4.31    7.57
 322952.923   250.379   -11.40    6.54
 323325.587   249.333    -2.80    5.57
 323698.221   251.906     6.90    9.22
 324070.825   260.726    23.66   16.46
 324443.399   265.020    11.52   15.51
 324815.942   269.033    10.77   13.57
 325188.455   268.866    -0.45   12.65
 325560.938   266.628    -6.01    8.95
 325933.391   268.804     5.84    9.05
 326305.813   270.783     5.31    9.70
 326678.206   277.843    18.95   11.85
 327050.568   282.566    12.68   10.40
 327422.899   277.922   -12.47   14.70
 327795.201   269.457   -22.73   18.81
 328167.473   258.667   -28.98   17.85
 328539.714   249.118   -25.64   12.98
 328911.925   244.588   -12.16   14.02
 329284.106   239.804   -12.85   14.38
 329656.257   239.137    -1.79   13.46
 330028.378   239.941     2.16   11.51
 330400.468   240.235     0.79   10.19
 330772.529   242.255     5.43    7.66
 331144.559   240.166    -5.61    9.05
 331516.559   238.056    -5.67    7.92
 331888.530   236.804    -3.36    6.97
