# NaN NaN NaN ;Mean Elev.(m), Avg Gradient(m/km), RMS Gradient(m/km) - SRTM1     
#    0.689 -11.640  22.427 ;Mean Elev.(m), Avg Gradient(m/km), RMS Gradient(m/km) - ASTER GDEM
#    1.025 -11.626  21.887 ;Mean Elev.(m), Avg Gradient(m/km), RMS Gradient(m/km) - GMTED2010 
  8    65.851 52478.64070887  8.20 288.503358  46.721980  6.934
  8    71.749 52478.64070951  6.02 288.502078  46.718730  6.934
  8    71.949 52478.64071016  5.22 288.500806  46.715492  6.144
  8    70.596 52478.64071080  4.69 288.499526  46.712242  6.144
  8    69.563 52478.64071145  3.92 288.498246  46.708992  6.144
  8    95.330 52478.64071274  2.83 288.495686  46.702492  6.144
  8    96.857 52478.64071338  0.97 288.494416  46.699252  6.144
  8    98.417 52478.64071403  0.50 288.493136  46.696002  6.144
  8    99.542 52478.64071467  0.05 288.491856  46.692752  6.144
  8   101.115 52478.64071532  0.41 288.490576  46.689502  6.144
  8   101.492 52478.64071596  2.69 288.489306  46.686252  6.144
  9    -1.956 52513.64065305  9.98 288.511139  46.720746  8.405
  9    -1.994 52513.64065369  9.27 288.509859  46.717496  8.405
  9    -1.066 52513.64065434 10.13 288.508579  46.714246  8.405
  9    -1.591 52513.64065498  7.98 288.507299  46.711006  8.405
  9    -1.172 52513.64065562  8.50 288.506029  46.707756  8.405
  9    -0.974 52513.64065627  8.77 288.504749  46.704506  8.405
  9    -1.521 52513.64065691  9.77 288.503469  46.701256  8.405
  9    -2.593 52513.64065756  8.93 288.502189  46.698006  8.405
  9    -3.963 52513.64065820 10.02 288.500914  46.694765  6.779
  9    -1.536 52513.64065885  8.94 288.499644  46.691515  6.779
 10     2.275 52548.64069704 21.12 288.509831  46.717226  7.025
 10     1.887 52548.64069768 22.03 288.508551  46.713976  7.025
 10     1.872 52548.64069833 22.42 288.507271  46.710736  7.025
 10     3.236 52548.64069897 21.72 288.505993  46.707480 11.482
 10     5.221 52548.64069962 22.47 288.504713  46.704240 11.482
 10     4.531 52548.64070026 25.27 288.503433  46.700990 11.482
 10     5.825 52548.64070091 28.66 288.502153  46.697740 11.482
 10     5.394 52548.64070155 30.95 288.500883  46.694490 11.482
 10     4.097 52548.64070219 33.44 288.499603  46.691240 11.482
 10     1.818 52548.64070284 28.49 288.498323  46.688000 11.482
 11    71.025 52583.64069149  5.78 288.512834  46.721946  5.655
 11     3.481 52583.64069342 13.54 288.509001  46.712209  8.119
 11     3.802 52583.64069407 12.83 288.507721  46.708959  8.119
 11     3.366 52583.64069471 13.09 288.506441  46.705709  8.119
 11     4.319 52583.64069535 11.72 288.505161  46.702459  8.119
 11     4.675 52583.64069600 12.53 288.503891  46.699219  8.119
 11     5.679 52583.64069664 12.03 288.502611  46.695969  8.119
 11     7.797 52583.64069729 13.10 288.501331  46.692719  8.119
 11     7.955 52583.64069793 14.68 288.500061  46.689469  8.119
 12     4.469 52618.64066886 28.00 288.497125  46.715666 13.109
 12     4.253 52618.64066951 31.89 288.495855  46.712426 13.109
 12     2.323 52618.64067015 34.35 288.494575  46.709176 13.109
 12     5.989 52618.64067080 29.61 288.493295  46.705926 13.109
 12     5.893 52618.64067144 30.46 288.492025  46.702676 13.109
 12     7.193 52618.64067209 31.56 288.490745  46.699426 13.109
 12     7.253 52618.64067273 34.60 288.489465  46.696186 13.109
 12     6.979 52618.64067338 36.99 288.488195  46.692936 13.109
 12     4.618 52618.64067402 37.12 288.486915  46.689686 13.109
 12     4.205 52618.64067467 38.26 288.485635  46.686436 13.109
 12     4.541 52618.64067531 28.61 288.484365  46.683186 13.109
 13    75.847 52653.64064502  7.18 288.519902  46.722266  8.271
 13    73.259 52653.64064567  8.34 288.518622  46.719016  8.271
 13    82.542 52653.64064631  6.90 288.517342  46.715766  8.271
 13     2.860 52653.64064825 31.06 288.513502  46.706026  8.271
 13     3.858 52653.64064889 29.25 288.512232  46.702776  8.271
 13     1.832 52653.64064953 28.32 288.510952  46.699536  8.271
 13     3.797 52653.64065018 24.05 288.509672  46.696286  8.271
 13     3.183 52653.64065082 21.70 288.508392  46.693036  8.271
 14    78.541 52688.64064431  5.05 288.503265  46.720521  1.814
 14    80.095 52688.64064496  4.58 288.501985  46.717271  1.814
 14    84.558 52688.64064560  3.67 288.500715  46.714021  1.814
 14    92.795 52688.64064625  3.24 288.499435  46.710771  1.814
 14    96.718 52688.64064754  2.90 288.496875  46.704281  1.814
 14    97.933 52688.64064818  2.23 288.495605  46.701031  1.814
 14    99.732 52688.64064883  2.03 288.494325  46.697781  1.814
 14   100.759 52688.64064947  1.99 288.493045  46.694531  1.814
 14   101.498 52688.64065012  1.57 288.491775  46.691281  1.814
 14   103.288 52688.64065076  1.37 288.490495  46.688041  1.814
 14   104.672 52688.64065141  1.75 288.489215  46.684791  1.814
 15     3.270 52723.64068948 32.61 288.509715  46.722198 12.633
 15     3.687 52723.64069013 41.96 288.508435  46.718948 12.633
 15     5.411 52723.64069077 44.28 288.507155  46.715698 12.633
 15     5.893 52723.64069142 38.93 288.505875  46.712458 12.633
 15     5.699 52723.64069206 39.08 288.504595  46.709208 12.633
 15     7.247 52723.64069271 37.28 288.503315  46.705958 12.633
 15     5.872 52723.64069335 38.57 288.502045  46.702708 12.633
 15     4.636 52723.64069399 42.08 288.500765  46.699458 12.633
 15     5.183 52723.64069464 43.65 288.499485  46.696218 12.633
 15     3.432 52723.64069528 45.44 288.498205  46.692968 12.633
 15     4.899 52723.64069593 45.23 288.496935  46.689718 12.633
 16    14.087 52758.64071151 16.29 288.490392  46.717258 15.952
 16    11.673 52758.64071216 13.86 288.489122  46.714008 15.952
 16    12.361 52758.64071280 12.89 288.487842  46.710758 15.952
 16    11.793 52758.64071344 11.84 288.486562  46.707518 15.952
 16    10.563 52758.64071409 12.82 288.485282  46.704268 15.952
 16    10.356 52758.64071473 13.24 288.484012  46.701018 15.952
 16     9.040 52758.64071538 13.88 288.482732  46.697768 15.952
 16    10.003 52758.64071602 15.55 288.481452  46.694518 15.952
 16    12.038 52758.64071667 17.40 288.480182  46.691278 15.952
 16    12.424 52758.64071731 19.22 288.478902  46.688028 15.952
 16     5.248 52758.64071796 26.00 288.477622  46.684778 15.952
 16     4.147 52758.64071860 29.35 288.476352  46.681528 15.952
 17    73.748 52793.64066581  4.93 288.512894  46.708486  3.442
 17    73.083 52793.64066709  9.96 288.510344  46.701986  3.442
 17    74.043 52793.64066774  9.34 288.509064  46.698736  3.442
 17    78.687 52793.64066838  8.11 288.507784  46.695496  3.442
 17   101.168 52793.64066903  7.80 288.506504  46.692246  3.442
 17   103.986 52793.64066967  7.26 288.505224  46.688996  3.442
 18     2.743 52828.64073079 17.89 288.519395  46.721387 11.270
 18     2.046 52828.64073144 15.47 288.518115  46.718137 11.270
 18     1.574 52828.64073208 15.87 288.516835  46.714887 11.270
 18     1.314 52828.64073273 16.82 288.515555  46.711637 11.270
 18     1.098 52828.64073337 17.85 288.514275  46.708397 11.270
 18     2.142 52828.64073402 15.96 288.512995  46.705147 11.270
 18     2.099 52828.64073466 19.15 288.511715  46.701897 11.270
 18     2.495 52828.64073531 18.45 288.510445  46.698647 11.270
 18     2.748 52828.64073595 21.24 288.509165  46.695407 11.270
 18     2.190 52828.64073660 21.07 288.507885  46.692157 11.270
 19     4.918 52863.64077541 17.91 288.519634  46.722744  5.089
 19     4.821 52863.64077605 16.16 288.518354  46.719504  5.089
 19     4.785 52863.64077670 12.13 288.517084  46.716254  5.089
 19     4.676 52863.64077734 12.31 288.515804  46.713004  5.089
 19     2.701 52863.64077799 12.96 288.514524  46.709754  5.089
 19     3.214 52863.64077863 12.78 288.513244  46.706514  5.089
 19     2.814 52863.64077928 12.14 288.511964  46.703264  5.089
 19     3.063 52863.64077992 11.51 288.510694  46.700014  5.089
 20    63.158 52898.64080537  8.40 288.504753  46.722171  4.838
 20    63.241 52898.64080601  7.71 288.503473  46.718921  4.838
 20    55.512 52898.64080665  8.50 288.502203  46.715671  4.838
 20    21.212 52898.64080730  9.38 288.500923  46.712421  4.838
 20    69.906 52898.64080794  1.27 288.499643  46.709181  4.838
 20    73.406 52898.64080859  1.26 288.498363  46.705931  4.838
 20    66.226 52898.64080923  1.50 288.497093  46.702681  4.838
 20    80.655 52898.64080988  1.53 288.495813  46.699431  4.838
 20    83.476 52898.64081052  1.02 288.494533  46.696181  4.838
 20    86.901 52898.64081181  2.47 288.491983  46.689691  4.838
 20    76.206 52898.64081246  9.20 288.490703  46.686441  4.838
 21     1.758 52933.64075094 23.82 288.498542  46.719792  8.739
 21     1.285 52933.64075159 25.78 288.497272  46.716542  8.739
 21     0.386 52933.64075223 26.12 288.495992  46.713292  8.739
 21    -0.003 52933.64075288 24.13 288.494712  46.710042  8.739
 21    -0.299 52933.64075352 24.15 288.493442  46.706792  8.739
 21    -0.224 52933.64075417 25.31 288.492162  46.703542  8.739
 22    69.824 52968.64076086  8.84 288.513541  46.722107  3.992
 22    68.713 52968.64076150  9.10 288.512261  46.718857  3.992
 22    69.573 52968.64076215  8.02 288.510991  46.715617  3.992
 22    68.826 52968.64076279  8.29 288.509711  46.712367  3.992
 22    71.752 52968.64076344  4.94 288.508431  46.709117  3.992
 22    94.922 52968.64076537  4.47 288.504601  46.699377  3.992
 22   100.329 52968.64076602  3.87 288.503315  46.696120  5.666
 22   101.000 52968.64076666  4.40 288.502035  46.692880  5.666
 22   102.223 52968.64076731  4.56 288.500765  46.689630  5.666
 23     8.351 53003.64078319 36.72 288.500031  46.719376 16.459
 23     6.978 53003.64078383 41.26 288.498751  46.716126 16.459
 23     6.296 53003.64078447 43.31 288.497471  46.712886 16.459
 23     7.369 53003.64078512 36.09 288.496191  46.709636 16.459
 23     3.508 53003.64078576 36.98 288.494921  46.706386 16.459
 23     5.519 53003.64078641 36.73 288.493641  46.703136 16.459
 23     7.246 53003.64078705 36.87 288.492361  46.699886 16.459
 23     6.372 53003.64078770 35.94 288.491081  46.696646 16.459
 23     6.425 53003.64078834 37.84 288.489811  46.693396 16.459
 23     6.527 53003.64078899 36.62 288.488531  46.690146 16.459
 23     5.219 53003.64078963 38.60 288.487251  46.686896 16.459
 23     8.234 53003.64079028 37.05 288.485971  46.683646 16.459
 24    79.985 53038.64073245  3.74 288.496984  46.718839  1.747
 24    81.709 53038.64073309  3.81 288.495704  46.715589  1.747
 24    97.251 53038.64073631  1.66 288.489314  46.699349  1.747
 24    98.495 53038.64073696  1.77 288.488044  46.696099  1.747
 24   101.643 53038.64073760  1.29 288.486764  46.692859  1.747
 24   101.022 53038.64073825  1.33 288.485484  46.689609  1.747
 24   103.242 53038.64073889  1.40 288.484214  46.686359  1.747
 24   104.481 53038.64073954  1.81 288.482934  46.683109  1.747
 26     3.523 53108.64073290 19.54 288.495347  46.717787  9.862
 26     4.396 53108.64073354 17.03 288.494067  46.714537  9.862
 26     4.359 53108.64073419 14.86 288.492787  46.711297  9.862
 26     3.330 53108.64073483 15.54 288.491507  46.708047  9.862
 26     3.075 53108.64073548 15.76 288.490237  46.704797  9.862
 26     3.150 53108.64073612 17.97 288.488957  46.701547  9.862
 26     4.189 53108.64073677 18.96 288.487677  46.698297  9.862
 26     4.882 53108.64073741 19.73 288.486407  46.695057  9.862
 26     4.925 53108.64073806 22.12 288.485127  46.691807  9.862
 26     4.977 53108.64073870 26.09 288.483857  46.688557  9.862
 26     5.258 53108.64073935 28.37 288.482577  46.685307  9.862
 26     3.294 53108.64073999 31.74 288.481297  46.682057  9.862
 28    59.274 53178.64078832 10.35 288.511609  46.722959  4.843
 28    56.777 53178.64078897 11.12 288.510329  46.719719  4.843
 28    53.664 53178.64078961 12.03 288.509056  46.716471  4.390
 28     3.868 53178.64079025 12.51 288.507776  46.713221  4.390
 28     4.155 53178.64079090 12.68 288.506496  46.709971  4.390
 28     4.119 53178.64079154 12.10 288.505216  46.706721  4.390
 29     8.548 53213.64081053  1.11 288.504879  46.718242 13.947
 29    -0.189 53213.64081117  8.51 288.503609  46.714992 13.947
 29     7.933 53213.64081182 14.94 288.502329  46.711742 13.947
 29     4.714 53213.64081246 23.97 288.501049  46.708502 13.947
 29     5.570 53213.64081311 24.57 288.499769  46.705252 13.947
 29     7.082 53213.64081375 24.27 288.498489  46.702002 13.947
 29     9.031 53213.64081439 23.95 288.497219  46.698752 13.947
 29     7.098 53213.64081504 26.12 288.495939  46.695502 13.947
 29     7.920 53213.64081568 26.50 288.494659  46.692262 13.947
 29     7.840 53213.64081633 25.36 288.493389  46.689012 13.947
 29     8.160 53213.64081697 24.98 288.492109  46.685762 13.947
 30    66.411 53248.64077934  9.61 288.504244  46.721010  5.176
 30    64.891 53248.64077999  9.15 288.502964  46.717760  5.176
 30    61.926 53248.64078063  9.53 288.501684  46.714520  5.176
 30    58.716 53248.64078128 10.13 288.500404  46.711270  5.176
 30    51.503 53248.64078192 10.33 288.499134  46.708020  5.176
 30     3.166 53248.64078257 10.19 288.497854  46.704770  5.176
 30    49.299 53248.64078321 10.57 288.496574  46.701520  5.176
 30    46.741 53248.64078386 10.20 288.495304  46.698280  5.176
 30    45.969 53248.64078450 10.42 288.494024  46.695030  5.176
 30    56.675 53248.64078643 20.11 288.490194  46.685280  5.176
 31     6.201 53283.64077232 15.92 288.509385  46.719807  6.765
 31     6.804 53283.64077296 12.76 288.508105  46.716567  6.765
 31     6.495 53283.64077360 12.10 288.506825  46.713317  6.765
 31     6.849 53283.64077425 12.03 288.505545  46.710067  6.765
 31     5.920 53283.64077489 10.95 288.504265  46.706817  6.765
 31     5.145 53283.64077554 11.50 288.502995  46.703577  6.765
 31     5.265 53283.64077618 11.74 288.501715  46.700327  6.765
 31     5.293 53283.64077683 11.28 288.500435  46.697077  6.765
 32     4.695 53318.64076688 22.97 288.515447  46.722499 12.283
 32     4.395 53318.64076753 21.60 288.514167  46.719249 12.283
 32     4.298 53318.64076817 20.17 288.512887  46.715999 12.283
 32     4.124 53318.64076882 21.03 288.511607  46.712759 12.283
 32     4.135 53318.64076946 21.69 288.510327  46.709509 12.283
 32     4.988 53318.64077010 22.15 288.509047  46.706259 12.283
 32     5.946 53318.64077075 24.06 288.507777  46.703009 12.283
 32     6.414 53318.64077139 27.14 288.506497  46.699759 12.283
 32     5.633 53318.64077204 29.38 288.505217  46.696519 12.283
 32     3.220 53318.64077268 34.87 288.503937  46.693269 12.283
 32     3.642 53318.64077333 28.54 288.502667  46.690019 12.283
 34    78.064 53388.64073271  4.45 288.513278  46.720564  1.780
 34    78.502 53388.64073335  4.33 288.511998  46.717314  1.780
 34    94.319 53388.64073464  3.67 288.509438  46.710824  1.780
 34    94.663 53388.64073529  3.21 288.508158  46.707574  1.780
 34    98.022 53388.64073593  2.48 288.506878  46.704324  1.780
 34   100.166 53388.64073658  2.09 288.505608  46.701084  1.780
 34   101.372 53388.64073722  2.11 288.504328  46.697834  1.780
 34   102.899 53388.64073787  1.63 288.503048  46.694584  1.780
 34   103.771 53388.64073851  1.31 288.501768  46.691334  1.780
 34   105.008 53388.64073916  1.50 288.500498  46.688084  1.780
 35    82.055 53423.64073234  4.34 288.513468  46.721114  1.726
 35    83.374 53423.64073298  4.27 288.512188  46.717864  1.726
 35    94.861 53423.64073427  3.57 288.509628  46.711374  1.726
 35    97.130 53423.64073491  3.39 288.508348  46.708124  1.726
 35    98.690 53423.64073556  3.14 288.507078  46.704874  1.726
 35   100.162 53423.64073620  2.26 288.505798  46.701624  1.726
 35   101.234 53423.64073685  2.46 288.504518  46.698384  1.726
 35   102.302 53423.64073749  2.50 288.503238  46.695134  1.726
 35   104.042 53423.64073814  1.64 288.501968  46.691884  1.726
 35   105.277 53423.64073878  1.70 288.500688  46.688634  1.726
 36    77.056 53458.64073678  5.67 288.520291  46.723467  2.202
 36    79.005 53458.64073742  4.95 288.519011  46.720217  2.202
 36    77.459 53458.64073807  5.31 288.517731  46.716967  2.202
 36    70.952 53458.64073871  4.27 288.516451  46.713717  2.202
 36    72.766 53458.64073936  3.69 288.515171  46.710477  2.202
 36    88.464 53458.64074065  3.05 288.512611  46.703977  2.202
 36    86.326 53458.64074129  3.18 288.511341  46.700727  2.202
 36    84.755 53458.64074193  3.39 288.510061  46.697477  2.202
 36    82.211 53458.64074258  2.86 288.508781  46.694237  2.202
 36    96.063 53458.64074322  2.69 288.507501  46.690987  2.202
 37     3.495 53493.64082300 24.90 288.502178  46.720277  6.133
 37     2.189 53493.64082365 25.43 288.500898  46.717027  6.133
 37     1.799 53493.64082429 22.71 288.499618  46.713787  6.133
 37     1.001 53493.64082493 21.39 288.498338  46.710537  6.133
 38    66.891 53528.64079938 10.20 288.513952  46.722698  4.994
 38    63.455 53528.64080003 10.53 288.512672  46.719458  4.994
 38    63.105 53528.64080067 10.28 288.511402  46.716208  4.994
 38    56.156 53528.64080132 10.40 288.510122  46.712958  4.994
 38    59.696 53528.64080196  9.31 288.508842  46.709708  4.994
 38    47.951 53528.64080261 11.09 288.507562  46.706468  4.994
 38     5.409 53528.64080325 10.09 288.506282  46.703218  4.994
 38    49.530 53528.64080390  9.65 288.505012  46.699968  4.994
 38    49.455 53528.64080454  9.90 288.503732  46.696718  4.994
 38    44.101 53528.64080519  9.72 288.502452  46.693468  4.994
 38    74.509 53528.64080583 10.10 288.501172  46.690228  4.994
 39    62.355 53563.64083081  8.32 288.498336  46.718733  5.943
 39    49.347 53563.64083146  9.31 288.497066  46.715483  5.943
 39    21.918 53563.64083210  9.95 288.495786  46.712233  5.943
 39     4.214 53563.64083274 10.27 288.494506  46.708993  5.943
 39     3.820 53563.64083339 10.11 288.493226  46.705743  5.943
 39     3.433 53563.64083403 10.76 288.491956  46.702493  5.943
 39     3.429 53563.64083468 10.15 288.490676  46.699243  5.943
 39     3.584 53563.64083532  9.06 288.489396  46.695993  5.943
 39     3.685 53563.64083597 10.06 288.488126  46.692753  5.943
 40     4.599 53598.64077096 28.93 288.507788  46.721059 10.146
 40     1.717 53598.64077160 31.91 288.506518  46.717809 10.146
 40     2.803 53598.64077225 28.32 288.505238  46.714559 10.146
 40     2.003 53598.64077289 27.96 288.503958  46.711319 10.146
 40     1.931 53598.64077354 28.64 288.502678  46.708069 10.146
 40     2.259 53598.64077418 28.83 288.501408  46.704819 10.146
 40     2.106 53598.64077483 29.45 288.500128  46.701569 10.146
 40     3.544 53598.64077547 29.30 288.498848  46.698319 10.146
 40     2.271 53598.64077612 31.39 288.497578  46.695079 10.146
 40     1.305 53598.64077676 33.59 288.496298  46.691829 10.146
 40     4.809 53598.64077741 30.86 288.495018  46.688579 10.146
 42     2.777 53668.64078884 26.48 288.504479  46.721855  8.025
 42     1.710 53668.64078949 27.89 288.503199  46.718605  8.025
 42     1.981 53668.64079013 21.33 288.501919  46.715355  8.025
 42     1.319 53668.64079142 14.74 288.499359  46.708865  8.025
 42     0.945 53668.64079207 15.34 288.498079  46.705615  8.025
 43     4.877 53703.64073023 31.12 288.511203  46.721723 11.540
 43     0.110 53703.64073087 28.81 288.509923  46.718483 11.540
 43     4.009 53703.64073152 20.20 288.508643  46.715233 11.540
 43     3.988 53703.64073216 18.06 288.507363  46.711983 11.540
 43     3.595 53703.64073281 18.80 288.506093  46.708733 11.540
 43     4.789 53703.64073345 17.26 288.504813  46.705483 11.540
 43     4.591 53703.64073410 17.50 288.503533  46.702243 11.540
 43     5.636 53703.64073474 18.16 288.502253  46.698993 11.540
 43     5.791 53703.64073539 20.36 288.500983  46.695743 11.540
 43     5.128 53703.64073603 24.98 288.499703  46.692493 11.540
 43     5.236 53703.64073668 23.34 288.498423  46.689243 11.540
 44     8.318 53738.64064019 23.18 288.503554  46.719362  6.521
 44     8.207 53738.64064083 25.85 288.502274  46.716112  6.521
 44     7.081 53738.64064148 31.15 288.500995  46.712871 11.868
 44     7.365 53738.64064212 28.10 288.499725  46.709621 11.868
 44     7.915 53738.64064277 27.47 288.498445  46.706371 11.868
 44     7.777 53738.64064341 27.60 288.497165  46.703121 11.868
 44     7.629 53738.64064405 29.86 288.495895  46.699881 11.868
 44     8.203 53738.64064470 32.13 288.494615  46.696631 11.868
 44     7.745 53738.64064534 32.51 288.493345  46.693381 11.868
 44     7.315 53738.64064599 30.06 288.492065  46.690131 11.868
 44     5.515 53738.64064663 26.11 288.490785  46.686881 11.868
 46     7.441 53808.64064113 26.38 288.505973  46.721695 15.702
 46     8.250 53808.64064177 32.11 288.504703  46.718445 15.702
 46     5.295 53808.64064242 38.38 288.503423  46.715195 15.702
 46     6.165 53808.64064306 38.91 288.502143  46.711945 15.702
 46     6.630 53808.64064371 37.39 288.500873  46.708705 15.702
 46     6.657 53808.64064435 36.76 288.499593  46.705455 15.702
 46     6.372 53808.64064500 28.52 288.498313  46.702205 15.702
 46     5.972 53808.64064564 27.11 288.497033  46.698955 15.702
 46     5.305 53808.64064629 28.68 288.495763  46.695705 15.702
 46     6.732 53808.64064693 27.19 288.494483  46.692465 15.702
 46     5.522 53808.64064758 31.04 288.493213  46.689215 15.702
 46     4.875 53808.64064822 25.67 288.491933  46.685965 15.702
 49    66.608 53913.64076506 10.43 288.502623  46.720758  5.499
 49    65.374 53913.64076571 10.64 288.501343  46.717518  5.499
 49    62.360 53913.64076635 11.01 288.500063  46.714268  5.499
 49    61.910 53913.64076700 11.74 288.498793  46.711018  5.499
 49    54.183 53913.64076764 13.11 288.497513  46.707768  5.499
 49    69.948 53913.64076829  6.32 288.496233  46.704518  5.499
 49    81.371 53913.64076893  6.31 288.494953  46.701278  5.499
 49    82.855 53913.64076958  6.28 288.493673  46.698028  5.499
 49    56.701 53913.64077216 18.18 288.488573  46.685038  5.499
 50     4.449 53948.64077813 27.31 288.497407  46.719695  8.597
 50     4.370 53948.64077878 27.26 288.496127  46.716445  8.597
 50     3.777 53948.64077942 27.68 288.494847  46.713205  8.597
 50     3.598 53948.64078007 28.34 288.493567  46.709955  8.597
 50     4.006 53948.64078071 28.85 288.492297  46.706705  8.597
 50     3.170 53948.64078136 29.09 288.491017  46.703455  8.597
 50     3.370 53948.64078200 28.56 288.489737  46.700205  8.597
 50     3.444 53948.64078265 29.24 288.488457  46.696965  8.597
 50     3.333 53948.64078329 29.17 288.487187  46.693715  8.597
 50     3.647 53948.64078393 29.25 288.485907  46.690465  8.597
 50     2.866 53948.64078458 28.46 288.484627  46.687215  8.597
 50     2.752 53948.64078522 28.91 288.483357  46.683965  8.597
 50     3.641 53948.64078587 29.83 288.482076  46.680724  3.656
 51    69.533 53983.64071827  1.23 288.502980  46.720541  9.679
 51    65.199 53983.64071891  4.23 288.501700  46.717291  9.679
 51    71.164 53983.64071956  4.20 288.500420  46.714041  9.679
 51    71.144 53983.64072020  3.55 288.499140  46.710791  9.679
 51     1.645 53983.64072214 21.83 288.495310  46.701051  9.679
 51     2.987 53983.64072278 22.17 288.494040  46.697801  9.679
 51     3.125 53983.64072343 22.15 288.492760  46.694551  9.679
 51     4.010 53983.64072407 22.63 288.491480  46.691311  9.679
 51     5.242 53983.64072472 23.04 288.490210  46.688061  9.679
 51     5.926 53983.64072536 25.80 288.488930  46.684811  9.679
 52     6.873 54018.64074865 14.44 288.516243  46.723584  3.431
 52     6.124 54018.64074929 15.57 288.514963  46.720334  3.431
 52     5.741 54018.64074994 15.41 288.513683  46.717084  3.431
 52     5.026 54018.64075058 15.23 288.512403  46.713834  3.431
 52     5.348 54018.64075123 15.03 288.511123  46.710594  3.431
 52     4.955 54018.64075187 14.73 288.509853  46.707344  3.431
 53     3.026 54053.64074312 19.25 288.515341  46.712568  3.246
 53     3.015 54053.64074377 21.00 288.514061  46.709318  3.246
 53     3.611 54053.64074441 19.38 288.512781  46.706078  3.246
 53     3.560 54053.64074506 19.39 288.511501  46.702828  3.246
 54     4.553 54088.64073351 23.57 288.506468  46.720315  9.197
 54     4.273 54088.64073415 17.69 288.505188  46.717065  9.197
 54     4.610 54088.64073480 14.25 288.503908  46.713815  9.197
 54     4.719 54088.64073544 13.15 288.502628  46.710565  9.197
 54     4.280 54088.64073609 13.24 288.501358  46.707325  9.197
 54     3.905 54088.64073673 14.46 288.500078  46.704075  9.197
 54     3.766 54088.64073738 14.55 288.498798  46.700825  9.197
 54     4.669 54088.64073802 15.07 288.497518  46.697575  9.197
 54     4.845 54088.64073867 16.31 288.496248  46.694325  9.197
 54     5.964 54088.64073996 18.58 288.493698  46.687835  9.197
 55     6.228 54123.64065651 35.34 288.514135  46.715768 13.588
 55     3.015 54123.64065716 35.51 288.512855  46.712518 13.588
 55     7.975 54123.64065780 31.81 288.511575  46.709268 13.588
 55     8.741 54123.64065845 30.14 288.510295  46.706018 13.588
 55     8.320 54123.64065909 34.96 288.509015  46.702778 13.588
 55     8.604 54123.64065973 36.38 288.507745  46.699528 13.588
 55     2.747 54123.64066038 35.76 288.506465  46.696278 13.588
 55     7.947 54123.64066102 26.24 288.505185  46.693028 13.588
 55     7.999 54123.64066167 23.80 288.503905  46.689788 13.588
 56    73.286 54158.64069743  5.39 288.507895  46.721026  2.177
 56    75.945 54158.64069808  3.42 288.506615  46.717786  2.177
 56    75.056 54158.64069872  2.57 288.505335  46.714536  2.177
 56    71.406 54158.64069937  2.50 288.504055  46.711286  2.177
 56    94.293 54158.64070066  1.62 288.501505  46.704796  2.177
 56    93.679 54158.64070130  1.46 288.500225  46.701546  2.177
 56    98.419 54158.64070195  0.13 288.498945  46.698296  2.177
 57    69.541 54193.64065716  7.26 288.515494  46.721870  2.588
 57    68.295 54193.64065780  6.40 288.514214  46.718620  2.588
 57    67.747 54193.64065845  5.11 288.512934  46.715370  2.588
 57    68.646 54193.64065909  4.36 288.511654  46.712120  2.588
 57    69.986 54193.64065973  3.60 288.510374  46.708870  2.588
 57    71.366 54193.64066038  4.08 288.509094  46.705630  2.588
 57    83.187 54193.64066102  3.81 288.507814  46.702380  2.588
 57    86.401 54193.64066231  3.99 288.505264  46.695880  2.588
 57    96.716 54193.64066360  3.72 288.502704  46.689390  2.588
 58    70.885 54228.64070899  7.70 288.510005  46.721947  4.693
 58    68.264 54228.64070964  7.73 288.508735  46.718707  4.693
 58    68.168 54228.64071028  8.27 288.507455  46.715457  4.693
 58    70.901 54228.64071092  8.54 288.506175  46.712207  4.693
 58    71.317 54228.64071157  7.78 288.504895  46.708957  4.693
 58    68.829 54228.64071221  8.07 288.503615  46.705707  4.693
 58    65.384 54228.64071286  8.77 288.502345  46.702457  4.693
 58    59.207 54228.64071350  9.36 288.501062  46.699217  7.551
 58    82.880 54228.64071415  8.36 288.499782  46.695967  7.551
 58    87.110 54228.64071479  8.05 288.498512  46.692717  7.551
 58   100.338 54228.64071544  7.11 288.497232  46.689467  7.551
 59     6.742 54263.64072785 24.94 288.510160  46.720118  7.104
 59     4.074 54263.64072849 21.46 288.508890  46.716878  7.104
 59     4.675 54263.64072914 17.13 288.507610  46.713628  7.104
 59     4.030 54263.64072978 17.78 288.506330  46.710378  7.104
 59     4.826 54263.64073043 16.88 288.505050  46.707128  7.104
 59     4.604 54263.64073107 18.90 288.503770  46.703878  7.104
 59     4.916 54263.64073172 18.47 288.502500  46.700628  7.104
 59     5.170 54263.64073236 20.71 288.501220  46.697389 13.469
 59     4.368 54263.64073301 24.08 288.499940  46.694139 13.469
 59     5.503 54263.64073365 21.41 288.498660  46.690889 13.469
 60    67.695 54298.64073211  8.16 288.510654  46.721463  4.599
 60    65.346 54298.64073276  8.72 288.509384  46.718213  4.599
 60    60.710 54298.64073340  8.78 288.508104  46.714973  4.599
 60    63.905 54298.64073405  8.38 288.506824  46.711723  4.599
 60    58.049 54298.64073469  8.87 288.505544  46.708473  4.599
 60    52.571 54298.64073534  8.95 288.504264  46.705223  4.599
 60     6.401 54298.64073598  9.39 288.502994  46.701973  4.599
 60     6.189 54298.64073662  9.87 288.501714  46.698723  4.599
 60     6.255 54298.64073727  9.76 288.500436  46.695484  7.914
 60    52.240 54298.64073791  8.79 288.499156  46.692234  7.914
 60    58.717 54298.64073856  9.27 288.497886  46.688984  7.914
 61     4.576 54333.64072223 29.70 288.507326  46.721522  6.799
 61     2.451 54333.64072288 27.25 288.506046  46.718282  6.799
 61     2.025 54333.64072352 28.46 288.504766  46.715032  6.799
 61     2.509 54333.64072416 28.09 288.503486  46.711782  6.799
 61     2.024 54333.64072481 28.62 288.502216  46.708532  6.799
 61     1.700 54333.64072545 28.96 288.500936  46.705282  6.799
 61     2.226 54333.64072610 29.02 288.499656  46.702032  6.799
 61     2.061 54333.64072674 29.37 288.498383  46.698792  5.531
 61     1.788 54333.64072739 28.89 288.497103  46.695542  5.531
 61     2.074 54333.64072803 28.17 288.495823  46.692292  5.531
 61     2.128 54333.64072868 28.62 288.494553  46.689042  5.531
 63    20.497 54403.64066742 11.02 288.504746  46.713798  4.293
 63    20.932 54403.64066807 10.46 288.503466  46.710558  4.293
 63     5.746 54403.64066871 11.31 288.502186  46.707308  4.293
 64     3.684 54438.64062359 31.48 288.514460  46.716665  7.663
 64     3.446 54438.64062424 34.25 288.513180  46.713425  7.663
 64     4.066 54438.64062488 34.52 288.511904  46.710169 11.824
 64     5.941 54438.64062553 36.09 288.510624  46.706929 11.824
 64     5.601 54438.64062617 35.53 288.509354  46.703679 11.824
 64     7.002 54438.64062682 33.54 288.508074  46.700429 11.824
 64     6.090 54438.64062746 34.98 288.506794  46.697179 11.824
 64     4.833 54438.64062811 35.91 288.505514  46.693929 11.824
 64     3.684 54438.64062875 33.54 288.504234  46.690689 11.824
 64     3.459 54438.64062940 27.86 288.502954  46.687439 11.824
 65    74.267 54473.64065175  9.66 288.513157  46.721398  3.772
 65    73.343 54473.64065239  8.78 288.511877  46.718158  3.772
 65    70.103 54473.64065304  8.47 288.510597  46.714908  3.772
 65    73.731 54473.64065368  8.18 288.509327  46.711658  3.772
 65    71.939 54473.64065433  7.53 288.508047  46.708408  3.772
 66    78.142 54508.64063427  7.25 288.515299  46.720808  1.724
 66    81.107 54508.64063491  7.06 288.514019  46.717558  1.724
 66   100.795 54508.64063814  5.12 288.507629  46.701328  1.724
 66   102.221 54508.64063878  5.00 288.506349  46.698078  1.724
 66   103.410 54508.64063943  5.02 288.505069  46.694828  1.724
 66   104.405 54508.64064007  4.89 288.503789  46.691578  1.724
 66   106.109 54508.64064072  4.78 288.502519  46.688328  1.724
 67    62.292 54543.64066723 12.37 288.507329  46.716276  9.676
 67    68.382 54543.64066788  9.93 288.506059  46.713026  9.676
 67    21.011 54543.64066852 26.84 288.504779  46.709776  9.676
 67     5.145 54543.64066916 35.03 288.503499  46.706536  9.676
 67     1.579 54543.64066981 39.39 288.502219  46.703286  9.676
 67     1.741 54543.64067045 37.51 288.500949  46.700036  9.676
 67     1.145 54543.64067110 41.39 288.499669  46.696786  9.676
 67     1.160 54543.64067174 31.09 288.498389  46.693536  9.676
 67     1.099 54543.64067239 26.73 288.497117  46.690295  7.573
 68    70.760 54578.64063545 10.06 288.510977  46.720238  3.390
 68    70.001 54578.64063609  9.74 288.509697  46.716988  3.390
 68    70.789 54578.64063674  8.48 288.508417  46.713748  3.390
 68    72.451 54578.64063738  8.05 288.507137  46.710498  3.390
 68    76.460 54578.64063803  7.20 288.505857  46.707248  3.390
 68    81.011 54578.64063867  6.86 288.504587  46.703998  3.390
 68   102.080 54578.64064125 10.89 288.499477  46.691008  3.390
 68   103.053 54578.64064189  9.64 288.498197  46.687758  3.390
 69    69.843 54613.64065630  9.16 288.509906  46.722007  3.835
 69    68.739 54613.64065694  8.97 288.508626  46.718767  3.835
 69    68.620 54613.64065758  8.69 288.507346  46.715517  3.835
 69    71.131 54613.64065823  8.34 288.506066  46.712267  3.835
 69    68.864 54613.64065887  8.45 288.504796  46.709017  3.835
 69    71.439 54613.64065952  8.31 288.503516  46.705767  3.835
 69    73.177 54613.64066016  8.48 288.502236  46.702527  3.835
 69    69.909 54613.64066081  9.23 288.500956  46.699277  3.835
 69    81.698 54613.64066145  8.28 288.499686  46.696027  3.835
 69    99.389 54613.64066210  7.93 288.498406  46.692777  3.835
 69   101.061 54613.64066274  7.79 288.497126  46.689537  3.835
 70     5.651 54648.64066434 19.00 288.510268  46.721875  6.570
 70     2.933 54648.64066498 20.05 288.508988  46.718625  6.570
 70     4.835 54648.64066562 15.53 288.507708  46.715375  6.570
 70     3.866 54648.64066627 14.19 288.506438  46.712125  6.570
 70     3.165 54648.64066691 15.79 288.505158  46.708885  6.570
 70     6.594 54648.64066756 14.37 288.503878  46.705635  6.570
 71    68.734 54683.64066378  7.08 288.505892  46.719872  4.427
 71    68.351 54683.64066443  6.49 288.504612  46.716632  4.427
 71    67.593 54683.64066507  6.68 288.503332  46.713382  4.427
 71    60.806 54683.64066572  7.68 288.502052  46.710132  4.427
 71    55.956 54683.64066636  8.20 288.500782  46.706882  4.427
 71    60.469 54683.64066701  7.55 288.499502  46.703632  4.427
 71    48.546 54683.64066765  8.82 288.498222  46.700392  4.427
 71    51.051 54683.64066830  7.99 288.496952  46.697142  4.427
 71    58.660 54683.64066894  7.66 288.495672  46.693892  4.427
 71    78.108 54683.64066959  7.81 288.494392  46.690642  4.427
 71    81.895 54683.64067023  7.91 288.493112  46.687392  4.427
 72     5.524 54718.64060980 18.40 288.517343  46.723072 10.474
 72     4.663 54718.64061044 18.50 288.516073  46.719822 10.474
 72     3.396 54718.64061109 19.78 288.514793  46.716572 10.474
 72     3.669 54718.64061173 19.50 288.513513  46.713322 10.474
 72     4.053 54718.64061238 20.18 288.512233  46.710082 10.474
 72     5.322 54718.64061302 21.54 288.510953  46.706832 10.474
 72     5.434 54718.64061367 22.16 288.509673  46.703582 10.474
 72     5.969 54718.64061431 25.11 288.508393  46.700332 10.474
 72     5.883 54718.64061496 29.89 288.507123  46.697082 10.474
 72     5.076 54718.64061560 32.28 288.505843  46.693842 10.474
 72     3.864 54718.64061625 33.00 288.504563  46.690592 10.474
 73     3.721 54753.64063675 24.88 288.510371  46.721761  6.674
 73     3.796 54753.64063739 19.86 288.509091  46.718511  6.674
 73     4.743 54753.64063804 15.55 288.507811  46.715261  6.674
 73     4.734 54753.64063868 14.43 288.506541  46.712011  6.674
 73     5.531 54753.64063933 14.77 288.505261  46.708771  6.674
 73     4.528 54753.64063997 14.79 288.503981  46.705521  6.674
 73     4.857 54753.64064062 14.82 288.502701  46.702271  6.674
 73     4.013 54753.64064126 15.55 288.501421  46.699021  6.674
 73     5.082 54753.64064190 16.37 288.500151  46.695771  6.674
 73     5.458 54753.64064255 16.01 288.498871  46.692531  6.674
 73     6.206 54753.64064319 20.26 288.497597  46.689283  8.009
 74    62.388 54788.64060230 11.74 288.515296  46.723061  5.001
 74    58.196 54788.64060295 12.18 288.514016  46.719811  5.001
 74    63.661 54788.64060359 11.96 288.512736  46.716561  5.001
 74    54.526 54788.64060424 11.83 288.511456  46.713311  5.001
 74     4.700 54788.64060488 13.22 288.510186  46.710071  5.001
 74     4.936 54788.64060553 12.92 288.508906  46.706821  5.001
 74     3.736 54788.64060617 14.29 288.507626  46.703571  5.001
 74     3.416 54788.64060681 13.60 288.506346  46.700321  5.001
 74     3.350 54788.64060746 13.05 288.505066  46.697071  5.001
 75     3.305 54823.64063172 36.13 288.511911  46.720460 12.124
 75     2.294 54823.64063237 41.05 288.510631  46.717210 12.124
 75     2.854 54823.64063301 38.55 288.509351  46.713960 12.124
 75     2.900 54823.64063366 33.26 288.508081  46.710710 12.124
 75     3.721 54823.64063430 32.92 288.506801  46.707470 12.124
 75     3.272 54823.64063495 34.20 288.505521  46.704220 12.124
 75     3.592 54823.64063559 34.73 288.504241  46.700970 12.124
 75     4.304 54823.64063623 31.19 288.502971  46.697720 12.124
 75     1.193 54823.64063688 25.92 288.501691  46.694470 12.124
 75     1.425 54823.64063752 24.90 288.500412  46.691231  8.022
 75     0.606 54823.64063817 24.15 288.499132  46.687981  8.022
 76     6.051 54858.64059661 26.00 288.517342  46.722297 12.873
 76     4.991 54858.64059726 35.42 288.516062  46.719047 12.873
 76     2.134 54858.64059790 40.59 288.514782  46.715797 12.873
 76    -0.306 54858.64059855 38.16 288.513502  46.712557 12.873
 76     7.532 54858.64059919 33.97 288.512222  46.709307 12.873
 76     7.108 54858.64059984 32.95 288.510942  46.706057 12.873
 76     7.632 54858.64060048 32.60 288.509662  46.702807 12.873
 76     1.231 54858.64060113 31.92 288.508392  46.699567 12.873
 76     4.892 54858.64060177 23.56 288.507112  46.696317 12.873
 76     4.937 54858.64060241 21.09 288.505832  46.693067 12.873
 76     4.871 54858.64060306 19.66 288.504552  46.689817 12.873
 77     5.042 54893.64063428 27.14 288.505311  46.720581 14.424
 77     5.038 54893.64063492 31.69 288.504031  46.717331 14.424
 77     5.668 54893.64063557 32.72 288.502761  46.714081 14.424
 77     5.319 54893.64063621 31.23 288.501481  46.710831 14.424
 77     5.151 54893.64063686 33.05 288.500201  46.707591 14.424
 77     4.350 54893.64063750 33.67 288.498921  46.704341 14.424
 77     4.580 54893.64063815 31.10 288.497651  46.701091 14.424
 77     4.246 54893.64063879 29.89 288.496371  46.697841 14.424
 77     4.572 54893.64063944 29.38 288.495091  46.694591 14.424
 77     4.524 54893.64064008 29.62 288.493813  46.691352  8.240
 77     4.226 54893.64064073 31.14 288.492543  46.688102  8.240
 78    68.807 54928.64059549 14.90 288.513048  46.721894  4.167
 78    69.730 54928.64059614 12.91 288.511768  46.718654  4.167
 78    70.324 54928.64059678 11.91 288.510488  46.715404  4.167
 78    72.162 54928.64059743  9.69 288.509208  46.712154  4.167
 78    72.787 54928.64059807  9.74 288.507928  46.708904  4.167
 78   101.130 54928.64060065  9.07 288.502818  46.695914  4.167
 78   102.003 54928.64060130  9.74 288.501538  46.692664  4.167
 78   102.397 54928.64060194 11.30 288.500268  46.689414  4.167
 79    67.812 54963.64063322  9.22 288.508904  46.721091  8.449
 79    66.142 54963.64063386  9.61 288.507624  46.717841  8.449
 79    69.758 54963.64063451  7.63 288.506344  46.714591  8.449
 79     3.478 54963.64063644 28.07 288.502514  46.704851  8.449
 79     2.698 54963.64063709 28.50 288.501234  46.701601  8.449
 79     2.601 54963.64063773 25.77 288.499954  46.698351  8.449
 79     2.417 54963.64063837 24.68 288.498684  46.695101  8.449
 79     2.745 54963.64063902 22.46 288.497404  46.691851  8.449
 79     1.605 54963.64063966 21.68 288.496124  46.688611  8.449
 80     3.132 54998.64065523 30.22 288.503792  46.715734  7.716
 80     2.523 54998.64065588 32.25 288.502522  46.712484  7.716
 80     3.319 54998.64065652 31.37 288.501242  46.709244  7.716
 80     3.312 54998.64065717 30.55 288.499962  46.705994  7.716
 80     3.778 54998.64065781 30.10 288.498682  46.702744  7.716
 80     4.808 54998.64065846 31.26 288.497412  46.699494  7.716
 80     4.874 54998.64065910 30.85 288.496132  46.696244  7.716
 80     4.371 54998.64065975 31.58 288.494852  46.693004  7.716
 80     6.357 54998.64066039 30.64 288.493571  46.689755  6.962
 80     5.410 54998.64066104 31.21 288.492301  46.686505  6.962
 82     5.563 55068.64063095 32.05 288.506016  46.721399 12.075
 82     4.963 55068.64063159 33.72 288.504736  46.718149 12.075
 82     4.688 55068.64063224 34.43 288.503456  46.714909 12.075
 82     4.706 55068.64063288 34.61 288.502176  46.711659 12.075
 82     4.775 55068.64063353 36.13 288.500906  46.708409 12.075
 82     4.985 55068.64063417 36.12 288.499626  46.705159 12.075
 82     4.172 55068.64063481 36.16 288.498346  46.701909 12.075
 82     4.091 55068.64063546 36.41 288.497076  46.698669 12.075
 82     4.354 55068.64063610 36.67 288.495796  46.695419 12.075
 82     4.410 55068.64063675 36.83 288.494516  46.692169 12.075
 82     4.563 55068.64063739 37.21 288.493246  46.688919 12.075
 83     5.270 55103.64056988 24.55 288.513755  46.722176 10.064
 83     5.869 55103.64057053 23.35 288.512475  46.718926 10.064
 83     3.910 55103.64057117 23.81 288.511195  46.715686 10.064
 83     3.779 55103.64057182 23.57 288.509915  46.712436 10.064
 83     3.862 55103.64057246 22.99 288.508635  46.709186 10.064
 83     5.278 55103.64057310 23.49 288.507365  46.705936 10.064
 83     5.003 55103.64057375 24.18 288.506085  46.702686 10.064
 83     5.170 55103.64057439 27.20 288.504805  46.699446 10.064
 83     4.612 55103.64057504 29.50 288.503525  46.696196 10.064
 83     4.764 55103.64057568 32.27 288.502245  46.692946 10.064
 83     4.993 55103.64057633 28.94 288.500975  46.689696 10.064
 84    72.757 55138.64057832  8.69 288.509724  46.721780  3.265
 84    70.614 55138.64057896  8.47 288.508444  46.718530  3.265
 84    70.709 55138.64057961  7.27 288.507164  46.715280  3.265
 84    70.978 55138.64058025  6.76 288.505894  46.712030  3.265
 84    72.437 55138.64058090  5.95 288.504614  46.708780  3.265
 84    73.528 55138.64058154  5.86 288.503334  46.705540  3.265
 84    92.215 55138.64058283  5.33 288.500784  46.699040  3.265
 84    99.754 55138.64058347  4.81 288.499504  46.695790  3.265
 84   102.372 55138.64058412  5.24 288.498224  46.692540  3.265
 84   103.315 55138.64058476  5.59 288.496952  46.689301  7.417
 85    72.624 55173.64053865  6.95 288.515728  46.720659  6.572
 85    71.992 55173.64053930  5.22 288.514448  46.717409  6.572
 85    15.349 55173.64053994 12.25 288.513168  46.714169  6.572
 85     4.076 55173.64054059 11.79 288.511888  46.710919  6.572
 85     4.565 55173.64054123 12.85 288.510608  46.707669  6.572
 85     3.670 55173.64054188 12.90 288.509328  46.704419  6.572
 85     5.401 55173.64054252 12.32 288.508058  46.701169  6.572
 85     5.219 55173.64054317 12.90 288.506778  46.697929  6.572
 85     7.334 55173.64054381 13.77 288.505498  46.694679  6.572
 85     7.129 55173.64054446 20.60 288.504218  46.691429  6.572
 85     4.241 55173.64054510 17.43 288.502938  46.688179  6.572
 86    78.109 55208.64057282  5.13 288.511012  46.722043  1.780
 86    78.782 55208.64057347  4.39 288.509732  46.718793  1.780
 86    79.428 55208.64057411  4.25 288.508452  46.715543  1.780
 86    88.667 55208.64057476  3.76 288.507182  46.712293  1.780
 86    95.122 55208.64057540  3.22 288.505902  46.709053  1.780
 86    97.167 55208.64057605  2.78 288.504622  46.705803  1.780
 86    97.318 55208.64057669  2.06 288.503342  46.702553  1.780
 86    99.704 55208.64057734  1.54 288.502072  46.699303  1.780
 86   101.028 55208.64057798  1.49 288.500792  46.696053  1.780
 86   102.809 55208.64057862  1.01 288.499512  46.692813  1.780
 86   104.109 55208.64057927  0.48 288.498237  46.689565  2.211
 87     7.674 55243.64054381 36.49 288.513388  46.721695 16.900
 87     3.949 55243.64054445 41.76 288.512108  46.718455 16.900
 87     6.003 55243.64054509 40.43 288.510828  46.715205 16.900
 87     5.605 55243.64054574 37.53 288.509548  46.711955 16.900
 87     6.250 55243.64054638 34.33 288.508268  46.708705 16.900
 87     5.220 55243.64054703 38.91 288.506998  46.705455 16.900
 87     6.486 55243.64054767 37.44 288.505718  46.702215 16.900
 87     6.174 55243.64054832 42.35 288.504438  46.698965 16.900
 87     7.485 55243.64054896 37.64 288.503158  46.695715 16.900
 87     3.464 55243.64054961 30.90 288.501878  46.692465 16.900
 87     3.113 55243.64055025 26.07 288.500608  46.689225 16.900
 88    70.604 55278.64056667  5.90 288.506322  46.722087  5.014
 88    60.594 55278.64056731  9.37 288.505042  46.718837  5.014
 88    66.017 55278.64056795  7.27 288.503762  46.715587  5.014
 88    61.436 55278.64056860  7.73 288.502492  46.712337  5.014
 88    55.639 55278.64056924  7.69 288.501212  46.709087  5.014
 88    56.580 55278.64056989  7.30 288.499932  46.705847  5.014
 88     4.931 55278.64057053  8.33 288.498652  46.702597  5.014
 88     4.515 55278.64057118  8.74 288.497382  46.699347  5.014
 88     3.731 55278.64057182  9.47 288.496102  46.696097  5.014
 88     4.282 55278.64057247  9.52 288.494822  46.692847  5.014
 88     4.463 55278.64057311  9.10 288.493544  46.689606  8.245
 88     4.528 55278.64057376 12.21 288.492274  46.686356  8.245
 89    73.719 55313.64053291  7.54 288.503859  46.704768  3.361
 89    77.157 55313.64053355  7.12 288.502579  46.701528  3.361
 89    81.232 55313.64053419  7.35 288.501299  46.698278  3.361
 89     2.947 55313.64053548 17.44 288.498749  46.691778  3.361
 89     3.356 55313.64053613 19.09 288.497469  46.688528  3.361
 90    69.244 55348.64053714 13.31 288.508142  46.722551  4.818
 90     4.811 55348.64054359 12.29 288.495364  46.690072  1.660
 90     4.528 55348.64054424 11.75 288.494094  46.686822  1.660
 91    69.690 55383.64052839  7.20 288.513198  46.721757  3.126
 91    69.079 55383.64052904  5.52 288.511918  46.718507  3.126
 91    69.483 55383.64052968  5.16 288.510638  46.715257  3.126
 91    72.188 55383.64053033  3.79 288.509368  46.712017  3.126
 91    71.690 55383.64053097  3.50 288.508088  46.708767  3.126
 91    72.684 55383.64053162  2.98 288.506808  46.705517  3.126
 91    74.239 55383.64053226  2.74 288.505528  46.702267  3.126
 91    88.042 55383.64053290  2.58 288.504248  46.699017  3.126
 91    87.185 55383.64053355  2.74 288.502978  46.695777  3.126
 91    93.019 55383.64053419  2.89 288.501693  46.692529  9.783
 91    56.885 55383.64053484 12.59 288.500413  46.689279  9.783
 92     2.828 55418.64055600 22.85 288.511467  46.721347  7.456
 92     2.498 55418.64055664 20.57 288.510187  46.718097  7.456
 92     2.739 55418.64055729 14.59 288.508907  46.714847  7.456
 92     2.683 55418.64055793 14.47 288.507637  46.711597  7.456
 92     2.335 55418.64055858 13.88 288.506357  46.708347  7.456
 92     2.760 55418.64055922 13.45 288.505077  46.705107  7.456
 92     2.596 55418.64055987 13.63 288.503797  46.701857  7.456
 92     2.262 55418.64056051 14.43 288.502517  46.698607  7.456
 92     3.183 55418.64056116 13.46 288.501247  46.695357  7.456
 93    66.930 55453.64053617  8.79 288.504919  46.720234  5.753
 93    64.848 55453.64053682  8.46 288.503639  46.716984  5.753
 93    62.647 55453.64053746  8.46 288.502359  46.713744  5.753
 93    63.779 55453.64053811  8.94 288.501079  46.710494  5.753
 93    54.453 55453.64053875 10.05 288.499809  46.707244  5.753
 93    49.449 55453.64053939  9.31 288.498529  46.703994  5.753
 93    50.900 55453.64054004  9.04 288.497249  46.700744  5.753
 93    49.523 55453.64054068  9.41 288.495979  46.697504  5.753
 93    44.222 55453.64054133 10.37 288.494699  46.694254  5.753
 93    58.126 55453.64054197  9.33 288.493419  46.691004  5.753
 93    57.417 55453.64054262 11.25 288.492149  46.687754  5.753
 94     2.810 55488.64045682 22.09 288.502569  46.721898  7.473
 94     1.533 55488.64045746 27.69 288.501289  46.718648  7.473
 94     1.370 55488.64045811 25.64 288.500009  46.715398  7.473
 94     0.731 55488.64045875 22.16 288.498739  46.712148  7.473
 94    -0.501 55488.64045940 21.88 288.497459  46.708898  7.473
 94    -0.340 55488.64046004 22.39 288.496179  46.705658  7.473
