-181637.574   469.700     0.00   47.55
-181261.085   454.316   -40.87   46.44
-180884.633   431.532   -60.53   42.12
-180508.218   416.813   -39.11   29.74
-180131.842   416.693    -0.32   27.71
-179755.502   423.655    18.50   33.65
-179379.201   430.367    17.84   34.39
-179002.937   429.000    -3.63   34.85
-178626.711   420.237   -23.30   31.76
-178250.522   420.048    -0.50   32.81
-177874.370   430.076    26.66   42.74
-177498.257   440.887    28.75   48.66
-177122.181   451.741    28.87   54.16
-176746.142   456.618    12.97   60.54
-176370.141   459.568     7.85   59.88
-175994.177   464.692    13.63   54.83
-175618.251   465.245     1.47   44.30
-175242.362   468.073     7.53   25.35
-174866.511   474.073    15.97   22.27
-174490.697   472.887    -3.16   21.14
-174114.920   479.437    17.43   22.98
-173739.181   486.887    19.83   24.82
-173363.480   487.617     1.94   24.28
-172987.816   492.431    12.82   30.85
-172612.189   488.510   -10.44   42.52
-172236.599   471.234   -46.00   54.67
-171861.047   452.334   -50.34   58.43
-171485.532   432.155   -53.75   49.09
-171110.055   415.672   -43.91   29.86
-170734.614   415.194    -1.28   29.75
-170359.212   420.725    14.74   35.92
-169983.846   425.855    13.67   39.25
-169608.518   431.497    15.04   41.85
-169233.226   445.441    37.16   46.61
-168857.973   463.548    48.26   54.01
-168482.756   489.066    68.02   52.40
-168107.577   513.637    65.50   34.59
-167732.434   533.621    53.28   27.08
-167357.329   537.310     9.84   28.71
-166982.262   538.690     3.68   27.44
-166607.231   543.952    14.03   25.54
-166232.237   534.584   -24.99   24.77
-165857.281   523.334   -30.01   25.58
-165482.362   513.762   -25.53   28.33
-165107.480   498.164   -41.62   21.46
-164732.635   490.364   -20.81   16.55
-164357.827   483.905   -17.24    8.86
-163983.056   483.578    -0.87    5.89
-163608.322   488.848    14.07   12.95
-163233.625   498.455    25.64   24.50
-162858.966   505.977    20.08   27.51
-162484.343   513.515    20.13   29.84
-162109.757   520.673    19.11   32.55
-161735.209   529.673    24.03   36.72
-161360.697   531.957     6.10   39.01
-160986.222   539.495    20.13   47.28
-160611.785   551.118    31.05   55.26
-160237.384   555.762    12.41   55.18
-159863.020   557.946     5.83   50.60
-159488.693   548.364   -25.60   48.61
-159114.403   540.441   -21.17   43.20
-158740.150   533.905   -17.47   39.61
-158365.934   526.217   -20.55   32.93
-157991.754   517.561   -23.14   25.74
-157617.612   513.006   -12.18   26.40
-157243.506   512.019    -2.64   24.93
-156869.438   516.761    12.68   27.53
-156495.406   525.673    23.83   35.12
-156121.410   538.120    33.28   44.30
-155747.452   541.316     8.55   47.29
-155373.531   529.401   -31.87   42.82
-154999.646   514.745   -39.21   32.80
-154625.798   507.037   -20.62   26.24
-154251.987   497.655   -25.10   24.16
-153878.212   493.424   -11.32   22.15
-153504.474   492.725    -1.87   26.38
-153130.773   492.546    -0.48   36.76
-152757.109   498.392    15.65   45.83
-152383.481   501.764     9.03   41.06
-152009.890   512.377    28.41   45.77
-151636.336   528.410    42.92   50.66
-151262.818   545.712    46.33   53.39
-150889.337   562.637    45.33   46.71
-150515.892   572.803    27.23   37.49
-150142.484   566.620   -16.56   29.17
-149769.113   549.819   -45.00   29.36
-149395.779   533.217   -44.48   27.86
-149022.480   511.245   -58.87   23.06
-148649.219   496.583   -39.29   21.25
-148275.994   482.059   -38.92   17.79
-147902.805   469.728   -33.05   12.25
-147529.654   461.517   -22.01   11.11
-147156.538   457.924    -9.63   14.17
-146783.459   459.602     4.50   20.23
-146410.417   464.110    12.09   26.76
-146037.411   464.495     1.03   25.12
-145664.441   462.692    -4.83   23.21
-145291.508   459.201    -9.36   21.37
-144918.612   455.209   -10.71   15.95
-144545.752   453.455    -4.70   13.16
-144172.928   456.427     7.97   14.87
-143800.141   461.285    13.03   18.62
-143427.390   465.954    12.53   21.94
-143054.675   473.848    21.18   25.49
-142681.997   481.334    20.09   33.34
-142309.355   484.566     8.67   35.20
-141936.749   481.977    -6.95   35.94
-141564.180   471.055   -29.32   26.22
-141191.647   467.037   -10.79   22.12
-140819.151   463.120   -10.52   23.05
-140446.690   458.328   -12.87   21.33
-140074.266   455.137    -8.57   19.25
-139701.879   454.040    -2.95   20.77
-139329.527   450.322    -9.99   19.17
-138957.212   448.601    -4.62   14.40
-138584.933   449.304     1.89   13.28
-138212.690   451.892     6.95   13.41
-137840.483   454.923     8.15   15.54
-137468.313   455.546     1.67   16.01
-137096.179   451.110   -11.92   12.12
-136724.081   447.280   -10.29    9.55
-136352.019   447.673     1.06   11.36
-135979.993   453.375    15.33   20.67
-135608.003   469.424    43.15   36.74
-135236.050   496.138    71.83   56.05
-134864.132   511.816    42.16   59.41
-134492.251   523.201    30.62   59.57
-134120.406   511.819   -30.61   63.32
-133748.597   491.405   -54.91   55.57
-133376.824   476.137   -41.07   34.60
-133005.086   471.477   -12.54   21.18
-132633.385   487.480    43.06   36.17
-132261.720   515.803    76.22   47.12
-131890.091   549.709    91.25   50.31
-131518.498   582.232    87.54   45.85
-131146.941   586.480    11.43   52.71
-130775.420   570.801   -42.21   64.47
-130403.935   553.146   -47.53   66.25
-130032.486   526.564   -71.57   55.66
-129661.073   516.146   -28.05   48.34
-129289.696   514.530    -4.35   42.60
-128918.354   523.030    22.89   41.79
-128547.049   544.655    58.25   40.23
-128175.779   564.415    53.23   28.44
-127804.545   556.584   -21.10   37.50
-127433.348   535.059   -57.99   46.09
-127062.186   521.798   -35.73   39.78
-126691.059   515.655   -16.55   37.70
-126319.969   511.304   -11.73   39.29
-125948.915   511.492     0.50   43.39
-125577.896   502.638   -23.87   47.61
-125206.913   482.892   -53.23   42.35
-124835.966   476.441   -17.39   44.03
-124465.054   468.798   -20.61   43.63
-124094.179   473.164    11.77   52.10
-123723.339   478.602    14.66   56.56
-123352.535   485.892    19.66   62.83
-122976.354   479.102   -18.05   55.00
-122598.315   475.316   -10.02   41.14
-122220.313   476.585     3.36   36.10
-121842.349   483.001    16.98   35.35
-121464.422   490.803    20.65   33.69
-121086.532   500.357    25.28   31.81
-120708.679   497.346    -7.97   34.74
-120330.863   498.813     3.88   37.50
-119953.085   480.127   -49.47   36.66
-119575.343   467.778   -32.70   28.40
-119197.639   467.887     0.29   31.05
-118819.972   466.727    -3.07   27.87
-118442.342   485.905    50.79   42.85
-118064.749   517.202    82.90   54.74
-117687.193   545.370    74.61   50.33
-117309.675   568.877    62.28   33.88
-116932.193   566.977    -5.04   36.76
-116554.748   548.816   -48.12   31.81
-116177.341   541.245   -20.06   27.88
-115799.970   550.066    23.38   34.93
-115422.636   568.844    49.77   44.31
-115045.340   606.995   101.13   50.58
-114668.080   630.806    63.12   36.83
-114290.857   637.334    17.31   36.71
-113913.672   621.030   -43.23   56.54
-113536.523   584.709   -96.32   74.96
-113159.411   542.746  -111.29   77.38
-112782.336   507.055   -94.66   60.64
-112405.298   479.405   -73.34   46.31
-112028.297   464.751   -38.87   46.62
-111651.333   442.530   -58.95   39.16
-111274.405   424.619   -47.52   35.61
-110897.515   408.887   -41.74   19.79
-110520.661   398.620   -27.25    9.98
-110143.844   397.492    -2.99    9.81
-109767.064   413.334    42.05   34.60
-109390.321   447.444    90.55   55.19
-109013.614   487.708   106.90   59.65
-108636.945   534.928   125.38   39.46
-108260.312   561.146    69.62   35.09
-107883.716   581.445    53.91   36.88
-107507.156   597.037    41.41   38.14
-107130.633   613.918    44.84   30.45
-106754.147   613.504    -1.10   27.95
-106377.698   601.316   -32.38   30.34
-106001.286   595.100   -16.52   27.49
-105624.910   588.709   -16.98   22.63
-105248.570   590.581     4.98   26.54
-104872.268   606.728    42.91   33.60
-104496.002   627.584    55.43   35.15
-104119.772   643.482    42.26   24.52
-103743.580   643.798     0.84   25.60
-103367.424   630.146   -36.30   32.51
-102991.304   613.548   -44.13   34.65
-102615.221   601.964   -30.80   30.74
-102239.175   597.601   -11.61   29.76
-101863.165   593.620   -10.59   33.64
-101487.192   581.766   -31.53   39.47
-101111.255   568.936   -34.13   35.41
-100735.355   563.089   -15.56   29.94
-100359.491   578.217    40.25   36.84
 -99983.664   599.255    55.99   30.40
 -99607.873   608.637    24.97   28.53
 -99232.119   614.983    16.89   26.75
 -98856.401   618.748    10.02   27.76
 -98480.719   624.995    16.63   32.30
 -98105.074   626.078     2.89   31.64
 -97729.466   620.887   -13.82   34.99
 -97353.894   609.933   -29.17   33.82
 -96978.358   605.227   -12.53   23.82
 -96602.858   601.923    -8.80   16.30
 -96227.395   610.191    22.02   18.24
 -95851.969   615.727    14.75   18.36
 -95476.578   612.637    -8.23   19.27
 -95101.224   603.883   -23.32   22.56
 -94725.907   588.165   -41.88   21.46
 -94350.625   572.227   -42.47   23.73
 -93975.380   558.983   -35.30   22.06
 -93600.172   551.334   -20.39   17.89
 -93224.999   547.415   -10.45   18.67
 -92849.863   547.364    -0.13   22.25
 -92474.763   531.066   -43.45   38.02
 -92099.699   510.328   -55.30   40.20
 -91724.671   499.387   -29.18   34.08
 -91349.680   500.297     2.43   36.06
 -90974.725   506.883    17.57   35.22
 -90599.806   500.155   -17.95   41.07
 -90224.923   480.383   -52.75   35.60
 -89850.076   473.030   -19.62   31.29
 -89475.266   481.433    22.42   33.55
 -89100.492   499.419    48.00   28.88
 -88725.753   513.396    37.30   24.89
 -88351.051   527.477    37.58   29.76
 -87976.385   546.285    50.20   30.26
 -87601.755   561.923    41.75   26.54
 -87227.161   576.510    38.94   18.28
 -86852.604   582.012    14.69   19.24
 -86478.082   585.954    10.52   21.81
 -86103.596   590.561    12.30   27.57
 -85729.146   592.012     3.88   33.74
 -85354.733   586.271   -15.34   42.67
 -84980.355   575.620   -28.45   47.65
 -84606.013   560.946   -39.20   54.55
 -84231.708   544.976   -42.67   56.04
 -83857.438   527.209   -47.48   54.58
 -83483.204   517.822   -25.09   47.62
 -83109.006   512.928   -13.08   43.01
 -82734.844   505.292   -20.41   42.59
 -82360.718   485.012   -54.21   43.83
 -81986.628   468.155   -45.07   33.78
 -81612.574   467.245    -2.43   32.05
 -81238.556   477.601    27.69   39.02
 -80864.573   478.441     2.25   41.92
 -80490.627   473.564   -13.04   45.16
 -80116.716   463.026   -28.19   41.54
 -79742.841   436.959   -69.73   35.38
 -79369.002   433.599    -8.99   39.47
 -78995.198   424.941   -23.16   43.87
 -78621.431   424.367    -1.54   54.83
 -78247.699   442.655    48.94   71.01
 -77874.003   447.340    12.54   78.55
 -77500.343   451.120    10.11   76.40
 -77126.719   431.073   -53.66   69.28
 -76753.130   414.334   -44.81   52.15
 -76379.577   396.619   -47.43   36.23
 -76006.060   381.750   -39.81   41.85
 -75632.578   353.084   -76.76   45.83
 -75259.132   335.405   -47.34   39.13
 -74885.722   324.352   -29.60   33.31
 -74512.348   314.970   -25.13   23.23
 -74139.009   322.094    19.08   29.68
 -73765.705   337.995    42.60   40.78
 -73392.438   355.837    47.80   49.20
 -73019.206   378.227    59.99   43.61
 -72646.009   397.377    51.32   34.97
 -72272.849   403.620    16.73   27.50
 -71899.723   400.448    -8.50   24.05
 -71526.634   403.480     8.13   30.08
 -71153.580   406.507     8.12   38.10
 -70780.561   415.816    24.96   41.74
 -70407.578   424.673    23.75   41.53
 -70034.630   416.262   -22.55   43.16
 -69661.718   404.316   -32.04   39.89
 -69288.842   396.618   -20.65   28.64
 -68916.001   385.155   -30.75   26.90
 -68543.195   382.372    -7.47   29.95
 -68170.425   388.995    17.77   34.04
 -67797.691   392.429     9.21   35.21
 -67424.992   400.137    20.68   32.92
 -67052.328   397.859    -6.11   31.39
 -66679.699   386.526   -30.42   31.13
 -66307.107   376.983   -25.61   30.52
 -65934.549   360.584   -44.02   33.91
 -65562.027   341.834   -50.34   37.22
 -65189.540   333.819   -21.52   34.21
 -64817.089   330.120    -9.93   30.23
 -64444.672   334.386    11.46   35.79
 -64072.292   318.548   -42.53   44.65
 -63699.946   304.278   -38.33   41.36
 -63327.636   292.227   -32.37   33.98
 -62955.361   278.110   -37.92   23.76
 -62583.122   272.340   -15.50   24.95
 -62210.917   270.477    -5.01   35.87
 -61838.748   269.928    -1.47   41.54
 -61466.615   268.405    -4.09   44.06
 -61094.516   264.523   -10.43   40.15
 -60722.453   260.111   -11.86   34.30
 -60350.425   246.098   -37.67   35.62
 -59978.432   229.012   -45.93   34.86
 -59606.474   215.877   -35.32   28.61
 -59234.552   207.191   -23.36   14.42
 -58862.664   211.746    12.25   18.06
 -58490.812   215.137     9.12   19.56
 -58118.995   218.316     8.55   21.00
 -57747.213   213.783   -12.19   18.11
 -57375.466   210.441    -8.99   18.86
 -57003.755   210.617     0.47   22.36
 -56632.078   209.030    -4.27   21.14
 -56260.436   210.059     2.77   20.70
 -55888.830   210.445     1.04   18.16
 -55517.259   206.619   -10.30   14.68
 -55145.722   204.798    -4.90   11.48
 -54774.221   205.007     0.56   10.63
 -54402.755   205.780     2.08   11.19
 -54031.324   206.711     2.51   11.48
 -53659.927   207.108     1.07   13.43
 -53288.566   203.959    -8.48   15.25
 -52917.240   197.995   -16.06   15.37
 -52545.949   190.887   -19.14   11.68
 -52174.692   186.444   -11.97    6.46
 -51803.471   188.959     6.78   12.24
 -51432.284   188.637    -0.87   15.04
 -51061.133   193.452    12.97   19.28
 -50690.016   204.084    28.65   29.66
 -50318.935   221.928    48.09   40.47
 -49947.888   239.873    48.37   37.04
 -49576.876   243.192     8.95   33.76
 -49205.899   232.128   -29.83   38.03
 -48834.957   216.485   -42.17   34.25
 -48464.049   204.691   -31.80   25.04
 -48088.228   201.771    -7.77   19.68
 -47710.265   199.298    -6.54   23.74
 -47332.339   194.915   -11.60   27.38
 -46954.450   188.092   -18.06   24.21
 -46576.596   186.816    -3.38   30.77
 -46198.779   189.521     7.16   34.28
 -45820.998   186.512    -7.96   33.20
 -45443.253   175.405   -29.41   25.69
 -45065.545   166.387   -23.88   19.48
 -44687.872   161.081   -14.05   15.20
 -44310.236   169.748    22.95   24.99
 -43932.636   185.637    42.08   30.53
 -43555.072   196.636    29.13   26.98
 -43177.545   208.566    31.60   24.39
 -42800.053   206.713    -4.91   28.15
 -42422.597   192.237   -38.35   33.49
 -42045.178   184.470   -20.58   27.42
 -41667.795   180.762    -9.83   18.55
 -41290.447   184.544    10.02   13.55
 -40913.136   186.580     5.40   18.41
 -40535.861   184.655    -5.10   25.78
 -40158.622   179.271   -14.27   34.49
 -39781.419   155.834   -62.14   38.10
 -39404.251   129.073   -70.95   38.73
 -39027.120   104.692   -64.65   32.33
 -38650.025    84.780   -52.80   18.82
 -38272.966    80.712   -10.79   14.82
 -37895.943    99.173    48.97   36.79
 -37518.956   125.521    69.89   39.87
 -37142.004   152.970    72.82   30.76
 -36765.089   169.237    43.16   16.57
 -36388.210   162.910   -16.79   18.71
 -36011.366   155.852   -18.73   19.17
 -35634.559   158.137     6.06   21.91
 -35257.787   160.896     7.32   20.76
 -34881.051   163.557     7.06   23.10
 -34504.351   155.455   -21.51   27.95
 -34127.687   137.748   -47.01   26.12
 -33751.058   124.691   -34.67   22.05
 -33374.466   114.995   -25.75   17.49
 -32997.909   110.507   -11.92   20.38
 -32621.388   105.728   -12.69   22.74
 -32244.903   102.828    -7.70   25.14
 -31868.454    95.941   -18.30   25.71
 -31492.040    85.266   -28.36   18.23
 -31115.662    79.780   -14.58   13.13
 -30739.320    75.146   -12.31    4.40
 -30363.014    74.492    -1.74    3.94
 -29986.743    75.495     2.67    4.80
 -29610.508    77.420     5.12    5.89
 -29234.309    80.673     8.65    6.95
 -28858.145    84.915    11.28    7.12
 -28482.017    85.566     1.73    5.98
 -28105.925    84.030    -4.08    6.97
 -27729.868    80.237   -10.09    8.48
 -27353.847    74.995   -13.94    9.07
 -26977.862    70.504   -11.94    8.69
 -26601.912    66.262   -11.28    7.55
 -26225.997    62.007   -11.32    4.59
 -25850.119    59.383    -6.98    4.44
 -25474.276    56.322    -8.14    4.53
 -25098.468    53.834    -6.62    4.30
 -24722.696    50.297    -9.41    4.42
 -24346.960    46.766    -9.40    5.10
 -23971.259    42.128   -12.35    5.22
 -23595.594    37.944   -11.14    5.10
 -23219.964    33.655   -11.42    5.62
 -22844.369    31.433    -5.92    4.62
 -22468.810    30.173    -3.35    4.34
 -22093.287    29.352    -2.19    4.04
 -21717.799    28.728    -1.66    4.15
 -21342.346    27.084    -4.38    4.24
 -20966.929    26.444    -1.71    4.06
 -20591.547    27.709     3.37    4.12
 -20216.201    28.750     2.77    3.68
 -19840.890    30.712     5.23    2.54
 -19465.614    31.492     2.08    2.18
 -19090.374    31.377    -0.30    2.37
 -18715.169    30.745    -1.69    2.63
 -18340.000    30.127    -1.65    2.67
 -17964.866    29.620    -1.35    2.51
 -17589.767    29.982     0.97    2.68
 -17214.703    29.983     0.00    2.77
 -16839.675    29.211    -2.06    2.77
 -16464.682    28.977    -0.62    2.51
 -16089.724    28.731    -0.66    2.38
 -15714.802    28.674    -0.15    2.39
 -15339.915    28.892     0.58    1.88
 -14965.063    28.924     0.09    1.77
 -14590.246    28.801    -0.33    1.77
 -14215.465    28.957     0.42    1.51
 -13840.718    28.852    -0.28    1.31
 -13466.007    28.692    -0.43    1.41
 -13091.331    28.467    -0.60    1.66
 -12716.691    27.602    -2.31    2.43
 -12342.085    26.044    -4.16    3.59
 -11967.515    21.137   -13.10    7.89
 -11592.979    14.790   -16.95    9.92
 -11218.479    12.164    -7.01    8.30
 -10844.014    13.619     3.88    9.57
 -10469.584    18.423    12.83    9.81
 -10095.189    24.507    16.25    5.33
  -9720.829    26.564     5.50    3.07
  -9346.505    27.523     2.56    2.09
  -8972.215    27.410    -0.30    2.07
  -8597.960    27.048    -0.97    1.73
  -8223.741    26.463    -1.56    1.87
  -7849.556    25.905    -1.49    1.48
  -7475.406    26.026     0.32    1.76
  -7101.292    26.477     1.21    1.98
  -6727.212    27.546     2.86    2.02
  -6353.168    26.619    -2.48    5.02
  -5979.158    22.887    -9.98    8.59
  -5605.183    18.844   -10.81    9.64
  -5231.243    13.673   -13.83    9.03
  -4857.338     9.444   -11.31    6.18
  -4483.469     6.783    -7.12    3.48
  -4109.633     6.137    -1.73    1.56
  -3735.833     6.012    -0.33    1.31
  -3362.068     6.310     0.80    1.14
  -2988.338     6.492     0.49    1.03
  -2614.642     5.563    -2.49    2.23
  -2240.981     4.353    -3.24    3.27
  -1867.355     2.359    -5.34    3.47
  -1493.764     0.540    -4.87    2.37
  -1120.208    -0.345    -2.37    0.00
   -746.687    -0.345     0.00    0.00
   -373.200    -0.345     0.00    0.00
      0.252    -0.345     0.00    0.00
    373.669    -0.345     0.00    0.00
    747.051    -0.345     0.00    0.00
   1120.399    -0.345     0.00    0.00
   1493.712    -0.345     0.00    0.00
   1866.990    -0.345     0.00    0.00
   2240.234    -0.072     0.73    1.27
   2613.442     0.581     1.75    2.09
   2986.616     1.731     3.08    2.80
   3359.756     2.964     3.31    2.80
   3732.861     3.928     2.58    2.37
   4105.931     4.221     0.79    1.76
   4478.966     4.340     0.32    2.30
   4851.967     4.255    -0.23    2.17
   5224.933     4.655     1.07    2.12
   5597.865     5.273     1.66    2.23
   5970.762     7.098     4.89    4.65
   6343.624    12.084    13.37    8.54
   6716.452    17.174    13.65    9.45
   7089.246    22.710    14.85    8.28
   7462.004    27.798    13.65    4.69
   7834.729    29.655     4.98    3.55
   8207.418    30.923     3.40    2.96
   8580.074    31.848     2.48    2.72
   8952.694    33.026     3.16    3.09
   9325.280    34.194     3.14    2.85
   9697.832    35.184     2.66    2.56
  10070.349    35.806     1.67    1.94
  10442.832    36.012     0.55    1.83
  10815.281    36.711     1.88    1.73
  11187.694    37.803     2.93    2.26
  11560.074    39.396     4.28    2.82
  11932.419    40.938     4.14    2.66
  12304.730    42.137     3.22    2.43
  12677.006    42.886     2.01    2.30
  13049.248    42.405    -1.29    4.72
  13421.455    42.335    -0.19    5.92
  13793.629    42.012    -0.87    7.49
  14165.768    39.601    -6.48   10.41
  14537.872    38.599    -2.69   10.63
  14909.942    37.334    -3.40   10.94
  15281.978    37.822     1.31   10.49
  15653.980    40.401     6.93   10.40
  16025.947    43.386     8.03    9.01
  16397.880    47.859    12.03    5.14
  16769.779    48.559     1.88    5.36
  17141.643    49.201     1.73    5.16
  17513.474    50.825     4.37    4.94
  17885.270    51.923     2.95    3.34
  18257.031    51.146    -2.09    3.51
  18628.759    50.492    -1.76    3.98
  19000.452    50.507     0.04    4.04
  19372.112    50.316    -0.52    3.88
  19743.737    49.601    -1.92    3.64
  20115.327    48.695    -2.44    2.97
  20486.884    48.073    -1.67    1.95
  20858.407    48.184     0.30    2.32
  21229.895    48.452     0.72    2.29
  21601.350    49.297     2.28    2.57
  21972.770    50.636     3.60    3.08
  22344.156    52.102     3.95    3.30
  22715.508    53.007     2.44    3.28
  23086.826    53.780     2.08    3.84
  23458.110    53.655    -0.34    4.06
  23829.360    52.259    -3.76    3.53
  24200.575    51.771    -1.32    2.26
  24571.757    51.896     0.34    1.65
  24942.905    52.467     1.54    1.80
  25314.019    53.120     1.76    1.89
  25685.098    53.636     1.39    2.27
  26056.144    54.227     1.59    2.36
  26427.156    55.266     2.80    2.48
  26802.693    56.396     3.01    3.73
  27180.575    58.423     5.36    5.10
  27558.422    60.495     5.48    5.40
  27936.234    61.887     3.68    4.75
  28314.010    62.970     2.87    2.68
  28691.752    63.637     1.77    2.18
  29069.457    64.370     1.94    2.09
  29447.128    65.803     3.80    2.00
  29824.763    67.298     3.96    2.84
  30202.364    69.559     5.99    3.62
  30579.929    71.285     4.57    3.50
  30957.458    72.322     2.75    2.94
  31334.953    71.963    -0.95    2.95
  31712.412    70.364    -4.24    2.64
  32089.836    68.750    -4.28    2.10
  32467.225    67.801    -2.51    2.75
  32844.579    67.676    -0.33    3.39
  33221.897    67.746     0.19    3.98
  33599.181    66.655    -2.89    5.09
  33976.429    62.528   -10.94   10.27
  34353.642    59.938    -6.87   10.18
  34730.820    58.229    -4.53   10.09
  35107.963    59.655     3.78    8.90
  35485.071    62.578     7.75    6.40
  35862.144    64.092     4.01    3.85
  36239.182    64.561     1.24    4.81
  36616.185    65.691     3.00    6.00
  36993.152    66.429     1.96    6.14
  37370.085    66.278    -0.40    6.13
  37746.983    65.255    -2.71    5.18
  38123.845    63.886    -3.63    3.70
  38500.673    63.870    -0.04    2.93
  38877.466    65.211     3.56    3.80
  39254.223    67.837     6.97    4.69
  39630.946    70.837     7.96    3.69
  40007.634    72.618     4.73    2.81
  40384.287    73.280     1.76    2.84
  40760.905    72.751    -1.40    2.66
  41137.488    72.512    -0.63    2.89
  41514.036    71.504    -2.68    2.68
  41890.549    70.367    -3.02    1.71
  42267.028    70.262    -0.28    1.87
  42643.471    70.340     0.21    2.13
  43019.880    71.174     2.21    2.85
  43396.254    71.848     1.79    3.09
  43772.593    70.801    -2.78    3.55
  44148.897    68.396    -6.39    3.96
  44525.167    66.192    -5.86    4.36
  44901.401    60.601   -14.86    8.01
  45277.601    56.581   -10.68    8.95
  45653.766    55.335    -3.31    9.30
  46029.896    56.828     3.97   10.11
  46405.992    61.359    12.05    9.64
  46782.053    66.146    12.73    6.19
  47158.079    68.584     6.48    2.56
  47534.070    69.229     1.72    2.74
  47910.027    68.941    -0.77    3.83
  48285.949    68.372    -1.51    3.70
  48661.836    68.297    -0.20    3.87
  49037.689    68.280    -0.04    2.91
  49413.507    68.135    -0.39    2.53
  49789.290    67.887    -0.66    2.07
  50165.039    67.964     0.20    1.76
  50540.753    68.183     0.58    1.61
  50916.432    68.855     1.79    1.99
  51292.077    70.089     3.28    2.93
  51667.687    71.245     3.08    3.17
  52043.263    72.559     3.50    3.16
  52418.804    73.055     1.32    3.20
  52794.311    73.221     0.44    3.59
  53169.783    72.905    -0.84    3.70
  53545.220    73.066     0.43    3.74
  53920.623    73.901     2.22    3.48
  54295.992    73.801    -0.27    3.45
  54671.326    72.655    -3.05    4.89
  55046.625    69.822    -7.55    6.58
  55421.890    68.755    -2.84    6.27
  55797.121    68.766     0.03    5.85
  56172.317    71.044     6.07    5.35
  56547.479    73.526     6.61    2.69
  56922.606    74.771     3.32    2.55
  57297.699    76.433     4.43    3.05
  57672.757    78.507     5.53    2.94
  58047.781    80.098     4.24    2.84
  58422.771    80.764     1.78    3.00
  58797.726    81.485     1.92    3.52
  59172.647    82.691     3.22    3.68
  59547.533    84.316     4.33    3.47
  59922.385    85.618     3.47    2.49
  60297.203    86.012     1.05    2.00
  60671.987    85.714    -0.80    1.98
  61046.736    85.174    -1.44    1.84
  61421.451    84.297    -2.34    1.81
  61796.132    83.546    -2.00    2.06
  62170.778    83.118    -1.14    1.84
  62545.390    82.674    -1.19    1.77
  62919.968    82.423    -0.67    2.03
  63294.511    82.007    -1.11    2.29
  63669.021    81.237    -2.06    2.86
  64043.496    81.040    -0.53    3.34
  64417.937    81.507     1.25    3.60
  64792.344    81.674     0.45    3.77
  65166.716    81.750     0.20    3.86
  65541.055    81.007    -1.98    4.06
  65915.359    79.946    -2.83    4.13
  66289.629    78.580    -3.65    4.31
  66663.865    78.507    -0.19    4.53
  67038.067    77.859    -1.73    4.34
  67412.235    77.636    -0.60    4.59
  67786.368    77.618    -0.05    4.98
  68160.468    76.806    -2.17    5.30
  68534.533    75.637    -3.12    5.45
  68908.565    74.448    -3.18    4.68
  69282.562    73.211    -3.31    3.36
  69656.525    72.219    -2.65    2.33
  70030.454    71.750    -1.25    1.71
  70404.349    71.837     0.23    1.59
  70778.211    72.315     1.28    1.86
  71152.038    72.977     1.77    1.85
  71525.831    73.353     1.01    1.65
  71899.590    73.580     0.61    1.77
  72273.315    73.941     0.97    1.66
  72647.007    74.448     1.36    1.57
  73020.664    75.245     2.13    2.22
  73394.287    76.429     3.17    3.37
  73767.877    77.989     4.17    3.92
  74141.432    79.595     4.30    4.11
  74514.954    79.278    -0.85    4.35
  74888.441    78.429    -2.27    4.99
  75261.895    77.405    -2.74    5.75
  75635.315    75.285    -5.68    6.08
  76008.701    73.504    -4.77    5.60
  76382.053    72.127    -3.69    4.06
  76755.372    70.440    -4.52    3.35
  77128.656    68.137    -6.17    3.72
  77501.907    67.617    -1.39    4.00
  77875.124    67.155    -1.24    3.62
  78248.307    66.919    -0.63    3.43
  78621.457    66.673    -0.66    3.30
  78994.572    66.863     0.51    3.12
  79367.654    66.896     0.09    3.24
  79740.702    66.584    -0.84    2.14
  80113.716    66.126    -1.23    1.86
  80486.697    66.237     0.30    2.13
  80859.644    66.405     0.45    2.23
  81232.557    67.322     2.46    3.47
  81605.436    68.542     3.27    4.34
  81978.282    68.891     0.93    3.43
  82351.094    68.923     0.09    2.67
  82723.873    68.335    -1.58    2.87
  83096.617    67.164    -3.14    3.14
  83469.328    65.618    -4.15    2.46
  83842.006    64.637    -2.63    2.41
  84214.650    63.718    -2.47    1.99
  84587.260    63.877     0.43    1.94
  84959.837    64.165     0.77    2.39
  85332.380    64.710     1.46    3.64
  85704.889    64.787     0.21    4.18
  86077.365    64.530    -0.69    4.53
  86449.807    63.328    -3.23    4.15
  86822.216    61.448    -5.05    2.29
  87194.592    61.526     0.21    2.33
  87566.933    61.886     0.97    2.30
  87939.242    62.219     0.89    1.94
  88311.516    62.714     1.33    1.45
  88683.758    62.870     0.42    1.63
  89055.965    63.433     1.51    2.13
  89428.140    64.335     2.42    2.42
  89800.280    64.423     0.24    2.29
  90172.388    64.297    -0.34    2.19
  90544.462    63.780    -1.39    1.80
  90916.502    63.919     0.37    2.18
  91288.509    64.785     2.33    3.73
  91660.483    66.459     4.50    5.82
  92032.423    67.561     2.96    5.83
  92404.330    68.867     3.51    5.56
  92776.204    69.470     1.62    4.53
  93148.044    70.803     3.59    3.32
  93519.851    70.544    -0.70    2.71
  93891.624    70.145    -1.07    2.53
  94263.364    69.429    -1.93    2.23
  94635.071    69.081    -0.94    2.67
  95006.745    68.924    -0.42    2.86
  95378.385    69.137     0.57    3.39
  95749.992    69.595     1.23    3.76
  96121.565    70.852     3.38    4.22
  96493.106    74.377     9.49    6.78
  96864.613    78.346    10.68    7.70
  97236.087    83.692    14.39    7.00
  97607.528    88.278    12.34    4.68
  97978.935    90.066     4.81    3.39
  98350.309    91.040     2.62    3.02
  98721.650    92.019     2.64    3.52
  99092.958    93.348     3.58    4.10
  99464.233    95.100     4.72    3.89
  99835.474    98.255     8.50    5.54
 100206.682   100.051     4.84    5.09
 100577.858   100.386     0.90    4.89
 100949.000   100.401     0.04    4.62
 101320.108    99.806    -1.60    3.08
 101695.419    99.089    -1.91    3.05
 102073.233    98.353    -1.95    2.75
 102451.012    98.195    -0.42    2.77
 102828.757    99.470     3.37    4.07
 103206.468   101.335     4.94    4.39
 103584.144   102.183     2.25    4.61
 103961.786   100.342    -4.87    5.89
 104339.394    97.504    -7.51    7.24
 104716.967    93.248   -11.27    6.83
 105094.506    90.098    -8.34    3.63
 105472.010    91.419     3.50    5.55
 105849.481    94.348     7.76    6.91
 106226.917    97.691     8.86    6.97
 106604.318   100.731     8.05    5.56
 106981.686   101.278     1.45    5.22
 107359.019    99.044    -5.92    5.85
 107736.318    95.515    -9.35    5.27
 108113.582    93.227    -6.07    4.34
 108490.813    91.335    -5.02    3.28
 108868.009    91.219    -0.31    3.83
 109245.171    92.037     2.17    4.96
 109622.299    94.415     6.30    6.62
 109999.392    97.983     9.46    7.63
 110376.452   101.855    10.27    7.27
 110753.477   103.745     5.01    6.19
 111130.468   104.044     0.79    5.59
 111507.425   104.787     1.97    5.52
 111884.348   104.892     0.28    5.36
 112261.236   106.297     3.73    5.39
 112638.091   108.030     4.60    5.78
 113014.911   110.348     6.15    6.24
 113391.698   114.044     9.81    7.67
 113768.450   118.771    12.54    9.12
 114145.168   122.617    10.21    9.24
 114521.852   125.673     8.11    8.37
 114898.503   125.713     0.11    7.94
 115275.119   125.952     0.63    7.60
 115651.701   126.578     1.66    8.03
 116028.249   126.822     0.65    7.69
 116404.763   126.372    -1.19    9.05
 116781.243   124.283    -5.55    9.44
 117157.689   122.455    -4.85   11.02
 117534.101   119.863    -6.89   11.06
 117910.480   118.007    -4.93   10.49
 118286.824   118.735     1.93   13.59
 118663.134   124.825    16.18   18.39
 119039.410   131.655    18.15   20.61
 119415.653   138.711    18.75   19.39
 119791.862   143.429    12.54   13.54
 120168.036   143.905     1.27    9.35
 120544.177   140.297    -9.59    8.45
 120920.284   134.593   -15.16    6.89
 121296.357   130.377   -11.21    6.09
 121672.396   127.693    -7.14    3.64
 122048.402   128.346     1.74    4.75
 122424.373   131.825     9.25    8.68
 122800.311   136.766    13.14   13.17
 123176.215   146.391    25.60   20.80
 123552.085   155.028    22.97   23.31
 123927.922   161.970    18.47   22.16
 124303.724   165.825    10.26   17.98
 124679.493   164.423    -3.73   13.24
 125055.228   162.882    -4.10    8.95
 125430.930   160.803    -5.53    5.70
 125806.597   160.467    -0.90    3.58
 126182.231   159.146    -3.52    3.82
 126557.831   156.055    -8.23    4.89
 126933.398   153.535    -6.71    5.59
 127308.931   148.566   -13.23    7.17
 127684.430   142.976   -14.88    7.16
 128059.896   138.248   -12.59    7.79
 128435.327   132.492   -15.33    6.58
 128810.726   128.251   -11.29    6.18
 129186.090   123.262   -13.29    6.91
 129561.421   117.955   -14.14    7.18
 129936.719   113.674   -11.41    6.17
 130311.983   109.353   -11.51    4.31
 130687.213   107.266    -5.56    4.12
 131062.409   103.530    -9.96    5.67
 131437.573   100.391    -8.37    5.36
 131812.702    98.477    -5.10    4.13
 132187.798    98.213    -0.70    3.50
 132562.861   100.970     7.35    4.60
 132937.889   104.753    10.09    5.46
 133312.885   109.540    12.76    7.22
 133687.847   115.108    14.85    7.74
 134062.775   119.636    12.08    7.02
 134437.670   123.292     9.75    6.86
 134812.532   125.561     6.05    5.81
 135187.360   126.859     3.46    5.87
 135562.154   125.905    -2.54    6.77
 135936.916   122.636    -8.72    7.04
 136311.643   119.251    -9.03    6.99
 136686.338   113.837   -14.45    6.97
 137060.999   107.882   -15.89    7.71
 137435.626   104.051   -10.22    6.32
 137810.220   103.485    -1.51    5.97
 138184.781   105.735     6.01    6.50
 138559.309   110.044    11.50    6.22
 138933.803   113.863    10.20    5.52
 139308.264   118.528    12.46    6.52
 139682.691   125.309    18.11    8.56
 140057.085   131.709    17.09    9.09
 140431.446   137.078    14.34    7.31
 140805.774   139.712     7.03    5.27
 141180.068   140.108     1.06    3.05
 141554.329   140.175     0.18    2.51
 141928.556   139.316    -2.30    2.61
 142302.751   138.675    -1.71    3.01
 142676.912   138.273    -1.07    3.36
 143051.040   137.655    -1.65    4.10
 143425.135   136.618    -2.77    4.76
 143799.197   135.495    -3.00    5.13
 144173.225   133.675    -4.86    5.12
 144547.220   132.764    -2.43    5.96
 144921.182   133.195     1.15    5.88
 145295.111   132.485    -1.90    5.50
 145669.007   130.021    -6.59    6.58
 146042.869   129.008    -2.71    6.51
 146416.699   125.923    -8.25    5.94
 146790.495   124.938    -2.63    4.76
 147164.258   124.055    -2.36    4.66
 147537.988   123.504    -1.47    5.18
 147911.685   123.303    -0.54    5.30
 148285.349   123.795     1.32    5.22
 148658.980   125.448     4.42    6.62
 149032.578   127.806     6.31    8.71
 149406.142   130.089     6.11   11.03
 149779.674   133.221     8.38   14.72
 150153.173   135.751     6.77   15.75
 150526.638   140.014    11.41   16.18
 150900.071   147.739    20.68   16.95
 151273.471   155.353    20.39   20.10
 151646.837   168.078    34.08   21.84
 152020.171   176.165    21.66   26.18
 152393.472   181.372    13.95   29.16
 152766.739   186.762    14.44   28.41
 153139.974   187.773     2.71   25.68
 153513.176   188.578     2.16   28.08
 153886.345   186.335    -6.01   27.90
 154259.481   182.867    -9.29   30.49
 154632.584   174.584   -22.20   26.91
 155005.654   167.773   -18.25   23.38
 155378.692   164.209    -9.55   22.83
 155751.696   160.155   -10.87   25.48
 156124.668   150.383   -26.20   30.60
 156497.607   131.710   -50.06   33.44
 156870.513   118.540   -35.31   24.37
 157243.386   117.459    -2.90   20.97
 157616.226   131.675    38.12   29.57
 157989.034   155.352    63.50   30.40
 158361.808   180.014    66.15   21.86
 158734.550   197.127    45.90   18.15
 159107.259   209.155    32.27   14.96
 159479.936   215.145    16.07   12.05
 159852.579   213.637    -4.05   12.99
 160225.190   209.886   -10.07   15.68
 160597.768   204.711   -13.89   14.58
 160970.314   201.059    -9.80   16.29
 161342.826   199.766    -3.47   19.31
 161715.306   195.343   -11.87   23.79
 162087.754   185.787   -25.65   27.65
 162460.168   174.482   -30.35   27.20
 162832.550   168.787   -15.29   23.23
 163204.900   167.259    -4.10   22.38
 163577.216   167.915     1.76   23.96
 163949.500   165.924    -5.34   25.20
 164321.752   162.924    -8.06   23.15
 164693.970   154.137   -23.61   18.66
 165066.157   149.001   -13.80   12.99
 165438.310   146.693    -6.20   11.89
 165810.431   147.734     2.80   13.39
 166182.519   148.798     2.86   18.57
 166554.575   147.309    -4.00   20.58
 166926.599   146.303    -2.70   22.16
 167298.589   142.561   -10.06   20.24
 167670.547   139.848    -7.29   16.52
 168042.473   137.728    -5.70   13.35
 168414.366   135.215    -6.76    9.65
 168786.227   135.322     0.29    8.84
 169158.055   134.989    -0.90    6.50
 169529.851   136.340     3.64    5.68
 169901.614   139.386     8.19    7.60
 170273.344   145.361    16.07   13.60
 170645.043   151.873    17.52   17.06
 171016.708   157.732    15.76   17.29
 171388.342   162.546    12.95   14.94
 171759.943   164.482     5.21   11.22
 172131.511   164.507     0.07    7.97
 172503.047   162.955    -4.18    7.10
 172874.551   159.424    -9.50    9.83
 173246.022   153.518   -15.90   13.32
 173617.461   145.832   -20.69   15.84
 173988.868   133.089   -34.30   16.66
 174360.242   124.108   -24.18   14.63
 174731.584   122.108    -5.38   11.48
 175102.894   126.259    11.18   14.75
 175474.171   139.391    35.36   19.39
 175845.416   153.185    37.15   15.82
 176216.629   165.340    32.74   12.90
 176591.788   173.655    22.16   11.34
 176969.525   178.001    11.50   11.58
 177347.229   176.732    -3.36   11.02
 177724.898   174.120    -6.92   13.35
 178102.535   167.674   -17.06   15.81
 178480.138   162.655   -13.29   15.99
 178857.707   154.600   -21.33   12.66
 179235.243   148.087   -17.25   12.53
 179612.745   144.423    -9.70   14.80
 179990.214   142.424    -5.29   17.60
 180367.650   139.211    -8.51   24.38
 180745.052   131.078   -21.54   24.63
 181122.421   125.259   -15.42   22.97
 181499.756   119.266   -15.88   17.86
 181877.058   114.518   -12.58   12.63
 182254.327   113.459    -2.81   12.53
 182631.562   110.232    -8.55    9.82
 183008.764   111.523     3.42   12.88
 183385.932   116.636    13.55   15.63
 183763.067   124.924    21.97   19.53
 184140.169   136.492    30.67   23.51
 184517.238   143.538    18.68   22.21
 184894.273   151.941    22.28   24.32
 185271.275   158.232    16.68   22.58
 185648.244   162.165    10.43   22.39
 186025.179   162.976     2.15   19.25
 186402.081   161.435    -4.09   15.99
 186778.950   159.564    -4.96   17.16
 187155.786   158.910    -1.74   16.85
 187532.588   158.110    -2.12   16.61
 187909.357   155.290    -7.48   13.67
 188286.093   158.637     8.88   15.30
 188662.796   163.711    13.47   19.91
 189039.466   171.115    19.65   21.19
 189416.102   178.280    19.02   20.65
 189792.706   182.174    10.34   17.03
 190169.276   185.746     9.48   13.65
 190545.813   190.309    12.12   12.98
 190922.317   195.561    13.95   16.82
 191298.787   199.977    11.73   19.41
 191675.225   201.915     5.15   19.11
 192051.629   205.055     8.34   17.48
 192428.001   208.155     8.23   13.76
 192804.339   215.364    19.15   17.46
 193180.644   224.391    23.98   18.01
 193556.917   234.251    26.20   20.88
 193933.156   248.102    36.81   23.12
 194309.362   267.995    52.87   30.47
 194685.535   296.383    75.45   47.73
 195061.675   301.165    12.71   49.07
 195437.782   289.377   -31.33   58.28
 195813.856   254.989   -91.42   64.95
 196189.898   219.386   -94.66   48.90
 196565.906   192.905   -70.41   37.16
 196941.881   176.381   -43.94   32.41
 197317.823   163.192   -35.07   26.12
 197693.732   157.655   -14.73   20.20
 198069.609   152.117   -14.73   14.66
 198445.452   151.433    -1.82   13.36
 198821.263   149.463    -5.24   10.83
 199197.040   152.227     7.35   15.84
 199572.785   149.734    -6.63   12.93
 199948.497   149.063    -1.79   11.58
 200324.176   148.734    -0.88   11.51
 200699.822   148.126    -1.62   10.10
 201075.435   146.353    -4.72   10.46
 201451.016   146.616     0.70   11.10
 201826.563   145.328    -3.43   12.76
 202202.078   140.540   -12.75   16.65
 202577.560   131.729   -23.46   19.47
 202953.009   123.694   -21.40   17.39
 203328.426   120.271    -9.12   10.72
 203703.809   126.598    16.85   11.06
 204079.160   133.557    18.54   13.42
 204454.478   136.237     7.14   18.95
 204829.764   138.713     6.60   21.39
 205205.016   140.033     3.52   21.38
 205580.236   141.009     2.60   18.69
 205955.423   142.636     4.33   17.13
 206330.578   147.440    12.80   19.86
 206705.700   148.540     2.93   19.22
 207080.789   150.806     6.04   21.52
 207455.845   156.165    14.28   27.37
 207830.869   162.910    17.98   32.66
 208205.860   172.255    24.92   37.34
 208580.819   181.243    23.97   33.55
 208955.745   185.410    11.11   30.77
 209330.638   183.930    -3.95   25.70
 209705.499   177.919   -16.03   23.02
 210080.327   173.561   -11.63   22.78
 210455.122   170.616    -7.86   23.43
 210829.885   166.047   -12.19   22.22
 211204.615   162.905    -8.38   17.48
 211579.313   159.301    -9.62   13.72
 211953.978   162.637     8.90   16.37
 212328.611   166.482    10.26   18.25
 212703.211   166.273    -0.56   17.05
 213077.779   164.361    -5.10   15.39
 213452.314   160.040   -11.54   16.30
 213826.817   157.924    -5.65   15.59
 214201.287   160.595     7.13   21.19
 214575.724   160.896     0.80   25.13
 214950.130   162.117     3.26   26.00
 215324.502   157.128   -13.32   22.34
 215698.843   150.232   -18.42   17.28
 216073.151   151.855     4.34   21.95
 216447.426   151.753    -0.27   23.21
 216821.669   156.598    12.94   26.54
 217195.880   159.599     8.02   30.27
 217570.058   163.875    11.43   31.35
 217944.204   162.364    -4.04   27.48
 218318.317   162.381     0.04   24.05
 218692.398   162.255    -0.34   21.43
 219066.447   162.059    -0.52   19.15
 219440.464   159.523    -6.78   17.57
 219814.448   154.768   -12.71   12.98
 220188.400   151.577    -8.53   10.38
 220562.319   150.619    -2.56    6.80
 220936.206   150.955     0.90    5.91
 221310.061   150.310    -1.73    6.59
 221683.884   147.059    -8.69   10.28
 222057.674   139.995   -18.89   14.28
 222431.432   132.964   -18.81   14.16
 222805.158   125.905   -18.88   13.31
 223178.852   115.245   -28.52   16.44
 223552.513   103.835   -30.53   14.33
 223926.142   102.528    -3.50   16.95
 224299.739   109.498    18.65   24.66
 224673.304   129.674    54.00   31.12
 225046.836   154.059    65.27   23.89
 225420.337   172.557    49.52   18.15
 225793.805   180.780    22.01   13.70
 226167.241   180.599    -0.49   13.60
 226540.645   172.544   -21.57   17.38
 226914.016   162.075   -28.03   13.45
 227287.356   153.748   -22.30    9.74
 227660.664   145.771   -21.36    9.25
 228033.939   142.655    -8.34   10.73
 228407.182   147.751    13.65   18.32
 228780.393   164.674    45.33   30.11
 229153.573   192.419    74.33   38.47
 229526.720   219.790    73.33   32.73
 229899.835   237.372    47.11   19.95
 230272.918   240.864     9.36   15.72
 230645.969   231.694   -24.57   17.91
 231018.987   223.135   -22.94   13.36
 231391.974   224.891     4.70   15.89
 231764.929   232.297    19.85   20.05
 232137.852   237.982    15.24   16.56
 232510.743   236.540    -3.87   14.17
 232883.602   232.021   -12.12   12.70
 233256.429   231.290    -1.96   10.63
 233629.224   234.926     9.75   12.95
 234001.987   235.467     1.45   13.25
 234374.718   230.059   -14.50   16.15
 234747.417   229.297    -2.04   16.37
 235120.084   238.578    24.90   26.60
 235492.720   257.928    51.91   37.83
 235865.323   288.440    81.87   37.35
 236237.895   303.420    40.20   30.23
 236610.434   309.636    16.68   28.30
 236982.942   299.636   -26.84   38.61
 237355.418   286.600   -34.99   37.08
 237727.862   259.381   -73.06   47.34
 238100.275   219.383  -107.38   62.72
 238472.655   178.561  -109.60   54.70
 238845.004   150.346   -75.76   39.71
 239217.320   129.515   -55.94   15.34
 239589.605   124.405   -13.72   15.77
 239961.859   116.712   -20.66   18.04
 240334.080   106.871   -26.43   13.92
 240706.270   100.859   -16.15    6.93
 241078.428   102.195     3.59   12.06
 241450.554   114.728    33.67   22.93
 241822.648   130.598    42.64   26.04
 242194.711   141.146    28.34   22.84
 242566.742   139.386    -4.73   20.85
 242938.741   136.982    -6.46   18.53
 243310.709   135.746    -3.32   19.11
 243682.645   138.283     6.82   21.27
 244054.549   144.219    15.96   21.48
 244426.422   144.395     0.47   18.92
 244798.263   144.882     1.31   14.62
 245170.072   138.444   -17.31   17.37
 245541.850   128.087   -27.85   20.45
 245913.596   122.266   -15.65   16.15
 246285.310   123.283     2.73   17.92
 246656.993   131.819    22.96   19.98
 247028.644   141.793    26.83   22.59
 247400.263   150.221    22.68   29.36
 247771.851   152.616     6.44   30.46
 248143.408   146.542   -16.34   30.00
 248514.933   137.530   -24.25   22.98
 248886.426   130.429   -19.11   14.36
 249257.888   126.867    -9.59    9.70
 249629.318   129.095     6.00   12.03
 250000.717   137.251    21.96   23.02
 250372.084   145.901    23.28   25.90
 250743.420   147.322     3.83   24.80
 251114.724   146.675    -1.74   26.17
 251489.777   143.694    -7.94   25.32
 251867.443   135.926   -20.56   20.32
 252245.076   133.851    -5.49   21.02
 252622.676   132.405    -3.83   18.65
 253000.244   129.995    -6.38   15.98
 253377.779   127.851    -5.68   13.25
 253755.282   127.839    -0.03   11.25
 254132.752   128.596     2.01    8.48
 254510.189   128.204    -1.04    7.31
 254887.594   127.185    -2.70    8.53
 255264.966   124.790    -6.34   12.97
 255642.306   120.882   -10.35   15.01
 256019.613   115.224   -14.99   15.46
 256396.888   111.801    -9.07   15.88
 256774.130   105.989   -15.40   14.16
 257151.340    98.361   -20.22   15.54
 257528.517    92.891   -14.50   15.19
 257905.661    91.559    -3.53   13.69
 258282.774    96.905    14.17   20.69
 258659.853   108.106    29.70   24.60
 259036.901   120.864    33.83   21.42
 259413.915   125.773    13.02   15.94
 259790.898   123.047    -7.23   13.77
 260167.848   116.695   -16.85   14.47
 260544.765   107.309   -24.90   12.58
 260921.650   101.342   -15.83   11.42
 261298.503    96.290   -13.40    9.76
 261675.323    92.343   -10.47    8.73
 262052.111    90.518    -4.84    6.53
 262428.867    90.577     0.16    6.61
 262805.590    91.575     2.65    7.34
 263182.281    93.278     4.52    8.14
 263558.939    94.420     3.03   10.35
 263935.565    98.372    10.49   12.53
 264312.159   100.280     5.07   13.87
 264688.721   101.867     4.21   13.91
 265065.250   103.322     3.86   13.31
 265441.747   105.165     4.89   12.70
 265818.212   107.563     6.37   10.33
 266194.644   109.655     5.56    9.38
 266571.044   110.184     1.40   11.66
 266947.412   108.155    -5.39   13.04
 267323.748   102.078   -16.14   13.33
 267700.051    92.851   -24.51   16.06
 268076.323    87.557   -14.07   16.99
 268452.562    83.983    -9.50   18.97
 268828.769    79.557   -11.76   18.48
 269204.943    77.790    -4.70   16.77
 269581.086    75.364    -6.45   14.31
 269957.196    72.290    -8.17   10.27
 270333.274    68.420   -10.29    9.11
 270709.320    64.557   -10.27    8.27
 271085.334    61.437    -8.30    9.63
 271461.316    59.989    -3.85   11.15
 271837.266    56.693    -8.76   12.23
 272213.183    51.801   -13.01   10.86
 272589.069    50.194    -4.28    7.95
 272964.922    50.495     0.80    8.43
 273340.743    52.930     6.48    9.58
 273716.533    53.583     1.74   10.00
 274092.290    51.828    -4.67    9.61
 274468.015    49.089    -7.29    7.65
 274843.708    47.215    -4.99    4.66
 275219.369    46.271    -2.51    4.17
 275594.998    47.735     3.90    7.44
 275970.596    49.243     4.01   10.80
 276346.161    47.433    -4.82    9.25
 276721.694    44.924    -6.68    3.99
 277097.195    44.768    -0.42    3.73
 277472.664    45.400     1.68    4.85
 277848.101    46.467     2.84    5.64
 278223.507    49.905     9.16   10.36
 278598.880    50.871     2.57   11.38
