# NaN NaN NaN ;Mean Elev.(m), Avg Gradient(m/km), RMS Gradient(m/km) - SRTM1     
#    0.667  -5.462   9.510 ;Mean Elev.(m), Avg Gradient(m/km), RMS Gradient(m/km) - ASTER GDEM
#    2.613  -5.333   9.222 ;Mean Elev.(m), Avg Gradient(m/km), RMS Gradient(m/km) - GMTED2010 
  7 288.762444  46.770786    93.964    94.708  4 52461.08919183  9.217
  9 288.753330  46.758340    67.965    67.965  2 52531.08917552 10.727
 10 288.763225  46.764781    53.400    53.400  2 52566.08919705 12.487
 11 288.757711  46.765869    83.928    84.075  4 52601.08921349 14.472
 12 288.753148  46.764189    96.615    96.455  4 52636.08917558  6.003
 13 288.759203  46.766528    89.357    89.445  4 52671.08918231  7.336
 14 288.757566  46.766314    94.870    94.743  4 52706.08917790  5.579
 15 288.758692  46.766725    47.759    46.569  3 52741.08921123 17.473
 16 288.767082  46.774528    11.666     3.682  5 52776.08915734 25.295
 17 288.752653  46.762196    84.378    85.166  4 52811.08923196  9.881
 22 288.763574  46.770992    87.063    86.449  5 52986.08926328 10.798
 23 288.763916  46.772097    86.902    86.532  6 53021.08925342  7.710
 24 288.761422  46.768046    94.888    95.977  3 53056.08924175  6.504
 28 288.762315  46.764888    60.274    60.274  2 53196.08930909 12.065
 30 288.765764  46.767529    56.851    55.296  3 53266.08926331 11.172
 31 288.748111  46.762763    84.651    84.651  2 53301.08931287 10.682
 32 288.760009  46.767450    85.399    81.664  3 53336.08928403 10.723
 33 288.766806  46.772414    84.884    83.678  6 53371.08922211 10.220
 35 288.764681  46.771328    90.990    89.019  5 53441.08924359  6.719
 36 288.753279  46.762238    82.397    81.207  4 53476.08930884 11.240
 38 288.757978  46.763638    64.947    64.947  2 53546.08934050 10.209
 42 288.757730  46.761776    61.799    61.799  2 53686.08928928 11.271
 43 288.766383  46.773001    85.765    85.975  5 53721.08921714  6.140
 44 288.760795  46.770404    85.925    85.926  5 53756.08914504  8.352
 45 288.763336  46.772192    89.719    90.513  5 53791.08917265  6.202
 46 288.757670  46.766118    29.185    24.063  4 53826.08913185 19.825
 48 288.759191  46.766343    93.252    93.378  3 53896.08924255 11.540
 49 288.751451  46.763622    84.891    83.743  3 53931.08929375 10.255
 51 288.754392  46.764402    88.240    87.458  3 54001.08923051  9.821
 52 288.760737  46.765119    65.646    65.646  2 54036.08927157 10.794
 53 288.761207  46.768391    82.637    82.326  4 54071.08926624  8.701
 54 288.763923  46.772292    86.333    86.395  5 54106.08921932 14.641
 55 288.756928  46.764417    95.189    95.305  4 54141.08919893  7.200
 56 288.761485  46.770579    92.536    92.661  5 54176.08919999  7.122
 57 288.755501  46.766939    53.077    52.753  3 54211.08920620 13.440
 58 288.759122  46.764779    62.031    62.031  2 54246.08923589 10.508
 63 288.762014  46.769283    83.538    83.470  4 54421.08916295 11.190
 64 288.756182  46.763555    88.200    87.594  4 54456.08915648  5.546
 65 288.762339  46.769260    87.705    87.736  5 54491.08916419  6.523
 66 288.759021  46.766764    92.914    96.969  4 54526.08916979  6.094
 67 288.762255  46.769816    83.515    83.706  5 54561.08917298 14.555
 68 288.759873  46.765400    58.926    55.248  3 54596.08916571 11.727
 69 288.759681  46.764381    55.221    55.221  2 54631.08917911 11.045
 71 288.765550  46.768753    62.401    62.694  3 54701.08915495 10.546
 72 288.758150  46.760004    60.409    60.409  2 54736.08914425 11.441
 74 288.755889  46.763032    89.261    89.246  4 54806.08913843  8.916
 75 288.760306  46.768605    89.354    91.365  3 54841.08913114  5.854
 76 288.757506  46.765065    91.540    93.976  4 54876.08913993  6.736
 77 288.761831  46.769844    88.333    88.401  5 54911.08913650  8.656
 78 288.755613  46.765230    61.612    61.466  4 54946.08913300 11.734
 79 288.759955  46.763392    65.274    65.274  2 54981.08915872 15.417
 80 288.761110  46.763628    63.705    63.705  2 55016.08915989 14.342
 81 288.760995  46.767741    60.369    57.336  3 55051.08915536 11.806
 82 288.765356  46.767109    82.161    82.161  2 55086.08912049 10.801
 83 288.758170  46.765968    59.955    59.223  4 55121.08908866 10.466
 85 288.755137  46.765896    98.547    98.765  4 55191.08907836  5.849
 86 288.761137  46.768152    84.205    84.938  3 55226.08908106  6.419
 87 288.759489  46.767667    92.974    95.479  4 55261.08907400  7.672
 88 288.764974  46.764927    58.493    58.493  2 55296.08906584 14.247
 92 288.761934  46.769904    86.778    84.549  3 55436.08906571 10.095
 93 288.767182  46.766628    59.597    56.605  3 55471.08901677 14.463
