#    1.277  -1.942   1.778 ;Mean Elev.(m), Avg Gradient(m/km), RMS Gradient(m/km) - SRTM1     
#    4.651  -1.970   2.685 ;Mean Elev.(m), Avg Gradient(m/km), RMS Gradient(m/km) - ASTER GDEM
#    1.314  -0.863   2.867 ;Mean Elev.(m), Avg Gradient(m/km), RMS Gradient(m/km) - GMTED2010 
  7     0.748 52446.64486786 14.21 286.747989  45.912774 12.040
  7     0.777 52446.64486850 13.74 286.746739  45.909524 12.040
  7     5.447 52446.64486915 13.25 286.745490  45.906269  7.062
  7     6.521 52446.64486979 13.19 286.744240  45.903019  7.062
  7     1.041 52446.64487044 13.52 286.742990  45.899769  7.062
  7     9.077 52446.64487108 13.37 286.741750  45.896519  7.062
  7     9.262 52446.64487173 15.63 286.740500  45.893269  7.062
  7     9.836 52446.64487237 14.29 286.739250  45.890019  7.062
  7    -7.692 52446.64487302 22.39 286.738000  45.886769  7.062
  7    -7.575 52446.64487366 24.10 286.736760  45.883519  7.062
  7    -6.635 52446.64487431 17.55 286.735510  45.880269  7.062
  7     7.389 52446.64487495 15.53 286.734260  45.877019  7.062
  7    -7.690 52446.64487560 16.89 286.733020  45.873769  7.062
  7    -7.810 52446.64487624 17.36 286.731770  45.870509  7.062
  7    -8.316 52446.64487689 18.97 286.730520  45.867259  7.062
  7    -8.361 52446.64487753 19.17 286.729280  45.864009  7.062
  7    -8.626 52446.64487817 20.41 286.728030  45.860759  7.062
  7    -8.582 52446.64487882 21.23 286.726790  45.857509  7.062
  7    -8.255 52446.64487946 19.40 286.725540  45.854259  7.062
  7    -7.926 52446.64488011 19.28 286.724290  45.851009  7.062
  7    -7.605 52446.64488075 19.98 286.723050  45.847759  7.062
  7    -0.406 52446.64488140 18.10 286.721800  45.844509  7.062
  7     0.427 52446.64488204 16.79 286.720559  45.841251  7.707
  8    13.781 52481.64485601 15.39 286.756468  45.924746  8.547
  8    13.702 52481.64485666 16.67 286.755218  45.921496  8.547
  8    13.796 52481.64485730 15.21 286.753968  45.918246  8.547
  8    13.822 52481.64485795 15.84 286.752718  45.914996  8.547
  8    13.971 52481.64485859 14.67 286.751478  45.911746  8.547
  8     4.396 52481.64485924 16.42 286.750228  45.908496  8.547
  8     4.709 52481.64485988 17.28 286.748978  45.905246  8.547
  8     4.646 52481.64486053 17.09 286.747728  45.901996  8.547
  8     4.465 52481.64486117 19.97 286.746480  45.898740 11.413
  8     4.189 52481.64486181 21.86 286.745240  45.895490 11.413
  8     2.717 52481.64486246 23.11 286.743990  45.892240 11.413
  8     3.377 52481.64486310 23.52 286.742740  45.888990 11.413
  8     3.370 52481.64486375 26.20 286.741500  45.885740 11.413
  8     3.968 52481.64486439 24.31 286.740250  45.882490 11.413
  8     3.962 52481.64486504 23.44 286.739000  45.879240 11.413
  8     3.918 52481.64486568 25.27 286.737760  45.875990 11.413
  8     3.901 52481.64486633 23.91 286.736510  45.872740 11.413
  8     4.145 52481.64486697 22.20 286.735260  45.869490 11.413
  8     4.781 52481.64486762 20.84 286.734020  45.866230 11.413
  8     4.972 52481.64486826 20.58 286.732770  45.862980 11.413
  8     5.082 52481.64486891 27.44 286.731520  45.859730 11.413
  8     5.018 52481.64486955 22.92 286.730280  45.856480 11.413
  8     4.903 52481.64487020 20.93 286.729030  45.853230 11.413
  8     4.924 52481.64487084 19.29 286.727790  45.849980 11.413
  8    13.058 52481.64487148 17.25 286.726540  45.846730 11.413
  8    14.434 52481.64487213 17.77 286.725300  45.843480 11.413
  8     6.726 52481.64487277 17.46 286.724050  45.840230 11.413
