-269738.710   571.368     0.00   79.13
-269364.583   578.062    17.89   86.41
-268990.423   595.626    46.93   81.00
-268616.232   601.362    15.33   66.41
-268242.010   622.601    56.74   59.39
-267867.755   670.626   128.29   75.88
-267493.469   721.077   134.76   65.36
-267119.151   754.018    87.98   49.35
-266744.801   759.444    14.49   44.91
-266370.419   742.361   -45.62   60.67
-265996.006   681.692  -161.99   82.58
-265621.561   613.822  -181.21   97.15
-265247.084   532.522  -217.04  115.76
-264872.575   431.743  -269.02  109.39
-264498.035   367.234  -172.19   83.83
-264123.463   358.307   -23.83   69.20
-263748.858   396.073   100.79   94.58
-263374.222   479.566   222.80  110.28
-262999.554   559.665   213.73   92.62
-262624.855   633.296   196.45  110.20
-262250.123   682.026   130.01  109.65
-261875.359   726.592   118.89  113.31
-261500.564   740.227    36.37  104.23
-261125.737   709.979   -80.68   92.48
-260750.877   673.481   -97.34   92.67
-260375.986   646.057   -73.13   77.86
-260001.063   650.409    11.60   69.04
-259626.108   653.131     7.26   64.89
-259251.121   645.458   -20.46   66.22
-258876.102   634.381   -29.53   71.13
-258501.051   632.743    -4.36   71.11
-258125.968   648.769    42.72   86.56
-257750.853   675.430    71.05   89.86
-257375.706   700.635    67.17   97.21
-257000.527   712.681    32.10   91.76
-256625.316   738.111    67.76  100.84
-256250.073   753.701    41.53  103.42
-255874.798   750.528    -8.45  103.02
-255499.491   730.447   -53.49  109.42
-255124.152   705.979   -65.17  101.07
-254748.780   681.573   -65.00   95.03
-254373.377   665.998   -41.48   90.82
-253997.941   651.765   -37.90   85.63
-253622.474   650.693    -2.85   98.06
-253246.974   648.131    -6.82   94.95
-252871.442   676.092    74.44  111.98
-252495.878   713.724   100.17  150.79
-252120.282   753.711   106.44  174.77
-251744.654   762.515    23.43  169.20
-251368.993   737.554   -66.43  147.25
-250993.301   698.839  -103.02   92.90
-250617.576   681.092   -47.22   79.86
-250241.819   658.592   -59.86   74.82
-249866.030   633.390   -67.05   68.86
-249490.208   604.711   -76.29   69.37
-249114.354   566.073  -102.77   56.10
-248738.468   523.534  -113.14   48.46
-248362.550   492.360   -82.91   28.37
-247986.600   473.419   -50.37   21.54
-247610.617   459.419   -37.23   16.84
-247234.602   448.939   -27.86   16.46
-246858.555   439.201   -25.89   16.42
-246482.475   430.054   -24.32   13.51
-246106.363   425.958   -10.89   10.29
-245730.219   427.172     3.23   13.40
-245354.043   428.861     4.49   16.31
-244977.834   426.977    -5.01   20.66
-244601.592   417.941   -24.01   19.64
-244225.319   396.342   -57.39   34.00
-243849.013   384.227   -32.19   31.39
-243472.674   379.169   -13.44   23.67
-243096.304   386.172    18.60   22.88
-242719.901   409.665    62.40   29.26
-242343.465   449.284   105.22   55.89
-241966.997   493.161   116.52   72.55
-241590.496   543.515   133.71   65.72
-241213.964   571.919    75.42   41.94
-240837.398   576.631    12.51   34.72
-240460.800   553.818   -60.56   42.39
-240084.170   508.054  -121.48   55.91
-239707.507   453.881  -143.79   62.16
-239330.812   409.601  -117.52   53.97
-238954.084   376.265   -88.47   35.84
-238577.324   364.131   -32.20   28.45
-238200.531   351.708   -32.96   27.30
-237823.706   344.672   -18.67   26.21
-237446.848   330.534   -37.51   24.14
-237069.958   315.496   -39.89   19.14
-236693.035   306.802   -23.06   13.57
-236316.079   303.843    -7.85   13.58
-235939.091   306.150     6.12   16.19
-235562.070   306.611     1.22   16.22
-235185.017   299.464   -18.95   23.51
-234807.931   298.823    -1.70   24.89
-234430.812   313.400    38.64   43.33
-234053.661   347.292    89.84   58.61
-233676.477   386.654   104.33   47.87
-233299.260   409.727    61.15   29.37
-232922.011   422.918    34.96   18.23
-232544.729   422.964     0.12   23.24
-232167.415   429.164    16.43   29.32
-231790.067   437.111    21.06   33.70
-231412.687   450.959    36.69   40.37
-231035.274   468.677    46.93   50.29
-230657.829   482.804    37.42   49.97
-230280.351   511.050    74.81   56.75
-229902.840   522.214    29.56   52.98
-229525.296   529.458    19.18   47.44
-229147.719   540.418    29.02   49.50
-228770.110   550.342    26.28   48.77
-228392.468   560.107    25.85   49.89
-228014.793   551.441   -22.94   53.78
-227642.544   525.692   -69.15   59.04
-227271.263   490.568   -94.58   47.06
-226899.951   454.227   -97.85   48.57
-226528.607   419.765   -92.78   40.68
-226157.231   396.150   -63.57   33.52
-225785.824   371.131   -67.35   31.97
-225414.385   349.654   -57.81   33.61
-225042.914   322.015   -74.39   32.27
-224671.412   293.661   -76.31   29.68
-224299.878   271.438   -59.80   23.33
-223928.312   264.693   -18.15   21.17
-223556.715   276.918    32.89   31.32
-223185.085   294.449    47.16   29.67
-222813.424   311.771    46.60   23.18
-222441.732   323.111    30.50   21.31
-222070.007   328.791    15.28   21.02
-221698.251   337.508    23.44   18.41
-221326.463   341.611    11.03   15.76
-220954.643   345.182     9.60   11.92
-220582.791   345.096    -0.23   10.90
-220210.908   337.066   -21.59   19.70
-219838.992   325.701   -30.55   24.51
-219467.045   313.148   -33.74   21.66
-219095.066   306.900   -16.79   15.06
-218723.055   308.881     5.32   13.78
-218351.012   319.861    29.51   15.31
-217978.938   334.361    38.96   21.75
-217606.831   352.899    49.81   34.39
-217234.693   377.959    67.33   51.25
-216862.523   407.371    79.01   66.54
-216490.320   435.121    74.54   77.16
-216118.086   467.239    86.27   81.19
-215745.820   496.899    79.66   84.90
-215373.522   539.488   114.37   94.66
-215001.192   592.214   141.58   98.87
-214628.830   637.077   120.46   82.79
-214256.436   656.299    51.61   66.39
-213884.010   653.920    -6.39   51.77
-213511.552   631.201   -60.98   56.45
-213139.062   595.438   -95.99   62.18
-212766.540   549.654  -122.88   63.37
-212393.986   491.547  -155.94   63.44
-212021.400   439.496  -139.67   62.67
-211648.782   394.881  -119.71   51.60
-211276.132   367.724   -72.86   33.48
-210903.449   352.088   -41.95   14.69
-210530.735   350.977    -2.98   14.13
-210157.989   354.784    10.21   23.62
-209785.210   365.568    28.92   39.04
-209412.400   370.592    13.47   38.51
-209039.557   374.469    10.40   35.32
-208666.682   376.749     6.11   28.50
-208293.775   377.824     2.88   21.77
-207920.836   380.681     7.66   17.84
-207547.864   387.508    18.30   15.05
-207174.861   398.631    29.81   18.32
-206801.825   418.727    53.86   29.86
-206428.757   438.981    54.28   30.74
-206055.657   462.825    63.90   39.49
-205682.525   484.861    59.04   42.60
-205309.361   508.062    62.16   59.77
-204936.164   524.522    44.10   72.92
-204562.935   531.826    19.57   79.45
-204189.674   541.861    26.88   80.45
-203816.380   534.150   -20.65   75.07
-203443.054   531.824    -6.23   67.47
-203069.696   527.081   -12.70   58.46
-202696.306   531.026    10.56   51.12
-202322.883   537.390    17.04   42.70
-201949.428   555.077    47.35   44.52
-201575.941   586.438    83.95   52.93
-201202.422   618.522    85.88   56.21
-200828.870   661.571   115.22   51.65
-200455.285   690.034    76.17   40.12
-200081.669   703.506    36.05   55.89
-199708.020   705.541     5.45   83.60
-199334.338   697.917   -20.40   99.39
-198960.624   680.841   -45.68   95.50
-198586.878   657.013   -63.74   85.27
-198213.099   637.409   -52.44   77.49
-197839.288   615.842   -57.68   67.66
-197465.445   596.381   -52.05   67.43
-197091.569   573.900   -60.12   51.72
-196717.661   553.788   -53.78   44.82
-196343.720   537.208   -44.33   44.72
-195969.746   518.503   -50.01   43.34
-195595.740   496.534   -58.73   41.51
-195221.702   475.077   -57.36   36.78
-194847.631   455.953   -51.11   34.08
-194473.528   444.246   -31.29   30.18
-194099.392   432.201   -32.19   25.42
-193725.224   422.900   -24.85   23.94
-193351.023   414.418   -22.66   24.92
-192976.789   403.187   -30.00   24.15
-192602.523   391.447   -31.36   25.03
-192228.224   380.484   -29.28   33.86
-191853.893   369.669   -28.89   36.74
-191479.529   356.807   -34.35   28.40
-191105.133   349.188   -20.34   19.33
-190730.704   346.919    -6.06   15.94
-190356.242   351.672    12.69   18.76
-189981.748   354.400     7.28   14.00
-189607.220   358.188    10.11   14.46
-189232.661   364.727    17.45   18.51
-188858.068   387.650    61.18   40.72
-188483.443   425.767   101.73   74.17
-188108.786   469.631   117.05   76.17
-187734.095   498.221    76.29   59.80
-187359.372   515.711    46.67   41.13
-186984.616   516.959     3.33   49.26
-186609.828   511.277   -15.16   53.89
-186235.006   502.220   -24.16   59.38
-185860.152   496.062   -16.42   55.48
-185485.265   488.704   -19.62   43.74
-185110.345   489.111     1.09   31.58
-184735.393   491.103     5.31   26.69
-184360.408   501.188    26.89   23.41
-183985.390   501.635     1.19   25.76
-183610.339   503.881     5.99   31.27
-183235.255   504.720     2.24   37.63
-182860.139   496.626   -21.57   41.23
-182484.989   484.131   -33.30   42.31
-182109.807   464.598   -52.05   39.31
-181734.592   452.458   -32.35   33.87
-181359.344   448.499   -10.55   38.28
-180984.063   442.665   -15.54   41.99
-180608.749   442.488    -0.47   41.05
-180233.402   431.169   -30.15   39.05
-179858.023   416.126   -40.07   32.54
-179482.610   402.807   -35.47   30.54
-179107.165   400.351    -6.54   37.90
-178731.686   394.971   -14.32   42.41
-178356.175   388.281   -17.81   43.16
-177980.630   375.381   -34.34   34.92
-177605.053   361.899   -35.89   16.74
-177229.442   363.409     4.02   21.67
-176853.799   383.844    54.39   52.22
-176478.123   405.611    57.93   70.47
-176102.413   422.256    44.29   72.66
-175726.671   427.481    13.90   64.95
-175350.895   413.029   -38.45   49.53
-174975.087   403.390   -25.64   24.75
-174599.245   403.400     0.03   15.45
-174223.370   412.262    23.57   20.20
-173847.462   418.749    17.25   21.30
-173471.521   423.291    12.08   21.29
-173095.547   423.801     1.35   18.39
-172719.540   427.220     9.09   16.90
-172343.500   434.428    19.16   15.25
-171967.426   443.547    24.24   16.72
-171591.320   459.099    41.34   18.97
-171215.180   473.994    39.59   20.84
-170839.007   499.256    67.14   44.35
-170462.801   523.361    64.06   54.16
-170086.561   542.510    50.89   54.34
-169710.289   552.265    25.92   50.30
-169333.983   547.881   -11.65   41.07
-168957.644   543.327   -12.10   33.12
-168581.272   544.996     4.43   25.84
-168204.866   546.510     4.02   25.10
-167828.428   546.400    -0.29   24.21
-167451.956   541.769   -12.30   24.38
-167075.450   536.727   -13.39   27.79
-166698.912   538.626     5.04   31.22
-166322.340   544.081    14.48   32.83
-165945.734   547.371     8.74   29.68
-165569.096   546.918    -1.20   29.18
-165192.424   534.175   -33.83   33.26
-164815.719   525.560   -22.87   28.56
-164438.980   538.567    34.52   44.24
-164062.208   559.586    55.78   51.55
-163685.403   567.955    22.20   50.57
-163308.564   559.473   -22.50   55.64
-162931.692   539.560   -52.83   49.76
-162554.786   526.421   -34.86   45.38
-162177.847   530.611    11.12   48.64
-161800.875   533.861     8.62   49.69
-161423.869   531.515    -6.22   46.92
-161046.830   531.050    -1.23   40.07
-160669.757   526.996   -10.75   29.57
-160292.651   524.958    -5.40   16.70
-159915.511   525.193     0.62   10.75
-159538.338   528.092     7.68   11.82
-159161.131   527.554    -1.43   11.49
-158783.891   525.692    -4.93   13.07
-158406.617   519.711   -15.85   18.19
-158029.310   507.573   -32.16   21.68
-157651.969   492.088   -41.03   18.56
-157274.595   479.881   -32.34   15.53
-156897.187   469.677   -27.03   14.01
-156519.745   459.673   -26.50   16.04
-156142.270   446.790   -34.12   17.18
-155764.761   433.214   -35.96   14.45
-155387.219   423.277   -26.32   10.87
-155009.642   414.881   -22.23    8.01
-154632.033   410.685   -11.11    8.07
-154254.389   407.315    -8.92    9.26
-153876.712   404.239    -8.14    9.41
-153499.002   402.662    -4.17    8.02
-153121.257   399.096    -9.44    7.14
-152748.694   397.073    -5.43    6.82
-152377.512   395.695    -3.71    9.71
-152006.297   397.804     5.68   13.82
-151635.050   405.066    19.56   17.79
-151263.771   410.018    13.34   15.69
-150892.458   410.559     1.46   15.52
-150521.114   406.730   -10.31   14.29
-150149.737   401.426   -14.28   13.11
-149778.327   395.015   -17.26   11.54
-149406.885   390.635   -11.79    8.86
-149035.410   392.790     5.80   13.30
-148663.903   400.194    19.93   18.82
-148292.363   412.626    33.45   19.90
-147920.791   423.961    30.50   12.75
-147549.186   425.251     3.47    9.91
-147177.548   420.032   -14.04   14.27
-146805.878   411.881   -21.93   20.05
-146434.175   397.214   -39.45   26.94
-146062.440   382.802   -38.76   31.51
-145690.672   360.462   -60.08   31.46
-145318.871   342.473   -48.38   20.53
-144947.038   328.692   -37.06   15.06
-144575.172   319.802   -23.90   10.92
-144203.273   310.977   -23.73    8.78
-143831.342   304.881   -16.39    6.24
-143459.378   300.788   -11.00    5.93
-143087.381   296.447   -11.67    4.49
-142715.352   292.499   -10.61    5.94
-142343.290   286.708   -15.56    8.87
-141971.195   278.113   -23.10   13.48
-141599.067   264.842   -35.66   15.99
-141226.907   254.246   -28.47   13.52
-140854.714   241.937   -33.07   13.78
-140482.488   225.521   -44.10   25.79
-140110.229   208.990   -44.40   31.09
-139737.938   192.998   -42.95   29.09
-139365.613   184.470   -22.90   24.85
-138993.256   177.428   -18.91   18.29
-138620.866   174.073    -9.01   13.92
-138248.443   175.008     2.51   12.78
-137875.988   176.296     3.46   13.22
-137503.499   182.148    15.71   15.98
-137130.978   188.361    16.67   13.87
-136758.424   191.232     7.71   12.75
-136385.837   197.073    15.67   18.88
-136013.217   195.400    -4.49   25.36
-135640.564   192.352    -8.18   29.58
-135267.878   182.920   -25.31   30.08
-134895.159   167.681   -40.88   20.64
-134522.408   162.936   -12.73   12.37
-134149.623   171.296    22.42   21.00
-133776.805   187.685    43.95   30.10
-133403.955   207.861    54.11   30.17
-133031.071   226.151    49.04   27.20
-132658.155   232.436    16.85   27.50
-132285.205   225.182   -19.45   32.16
-131912.222   215.717   -25.37   31.58
-131539.207   204.169   -30.95   22.48
-131166.158   198.621   -14.87   17.79
-130793.076   197.381    -3.33   13.16
-130419.962   200.611     8.66   12.62
-130046.814   200.732     0.32   11.93
-129673.633   204.998    11.43   14.24
-129300.419   207.291     6.14   15.10
-128927.172   208.824     4.11   13.72
-128553.892   211.444     7.02   13.22
-128180.578   211.749     0.81   17.31
-127807.232   214.399     7.10   21.15
-127433.852   216.153     4.70   21.43
-127060.440   215.234    -2.46   16.96
-126686.994   217.499     6.06   13.31
-126313.515   220.021     6.75   10.85
-125940.002   223.140     8.35   11.01
-125566.457   225.503     6.33   10.22
-125192.878   224.765    -1.98   10.35
-124819.266   221.023   -10.01   12.23
-124445.621   213.258   -20.78   12.12
-124071.943   204.753   -22.76    9.75
-123698.231   198.560   -16.57    5.25
-123324.486   197.751    -2.16    4.37
-122950.708   201.161     9.12    7.48
-122576.897   209.692    22.82   11.61
-122203.052   220.050    27.70   11.92
-121829.174   229.239    24.57   12.76
-121455.263   239.936    28.61   13.64
-121081.318   248.823    23.76   14.02
-120707.340   257.371    22.85   13.38
-120333.329   264.735    19.69   11.98
-119959.284   267.362     7.02   12.78
-119585.206   268.361     2.67   13.66
-119211.095   265.117    -8.67   13.64
-118836.950   261.975    -8.40   11.00
-118462.772   261.648    -0.87    9.70
-118088.560   265.410    10.05   14.16
-117714.315   274.188    23.45   18.70
-117340.036   281.881    20.55   20.99
-116965.724   288.150    16.75   21.77
-116591.379   290.862     7.25   20.31
-116217.000   291.802     2.51   18.80
-115842.588   291.077    -1.94   15.83
-115468.142   289.296    -4.76   12.94
-115093.663   290.029     1.96    9.71
-114719.150   289.390    -1.71    8.83
-114344.604   288.665    -1.93    8.62
-113970.024   288.717     0.14   12.61
-113595.411   289.441     1.93   17.85
-113220.764   294.566    13.68   27.12
-112846.083   303.169    22.96   36.66
-112471.369   315.182    32.06   42.94
-112096.621   321.131    15.87   46.93
-111721.840   320.579    -1.47   47.46
-111347.025   311.621   -23.90   48.22
-110972.177   297.015   -38.96   47.57
-110597.295   280.732   -43.43   41.83
-110222.379   265.111   -41.66   32.24
-109847.430   254.567   -28.12   23.88
-109472.447   249.103   -14.57   20.31
-109097.430   244.973   -11.01   16.15
-108722.380   243.145    -4.87   12.33
-108347.296   242.477    -1.78   10.87
-107972.178   244.352     5.00   16.50
-107597.026   251.061    17.88   24.05
-107221.841   254.069     8.02   25.79
-106846.622   249.714   -11.61   21.38
-106471.370   246.044    -9.78   17.41
-106096.083   245.861    -0.49   18.99
-105720.763   247.013     3.07   18.49
-105345.409   245.899    -2.97   17.77
-104970.021   249.573     9.79   19.29
-104594.600   254.992    14.43   22.29
-104219.144   259.069    10.86   24.64
-103843.655   262.577     9.34   24.55
-103468.132   261.265    -3.49   23.34
-103092.575   258.688    -6.86   19.83
-102716.985   256.409    -6.07   12.29
-102341.360   257.265     2.28    9.71
-101965.702   263.517    16.64   11.44
-101590.009   269.861    16.88   12.88
-101214.283   275.506    15.02   13.35
-100838.523   282.381    18.29   14.86
-100462.729   289.862    19.91   17.21
-100086.901   301.398    30.69   19.15
 -99711.039   310.979    25.49   22.53
 -99335.143   314.335     8.93   25.50
 -98959.213   314.937     1.60   28.10
 -98583.249   310.695   -11.28   32.63
 -98207.251   305.239   -14.51   40.26
 -97831.219   300.342   -13.02   43.85
 -97455.154   293.148   -19.13   41.39
 -97079.054   290.939    -5.87   38.41
 -96702.920   292.062     2.99   28.71
 -96326.752   287.208   -12.90   21.80
 -95950.550   283.362   -10.22   22.19
 -95574.314   273.325   -26.67   21.81
 -95198.044   264.015   -24.74   16.27
 -94821.739   260.281    -9.92   14.12
 -94445.401   263.296     8.01   21.13
 -94069.029   268.992    15.13   25.95
 -93692.622   279.595    28.17   28.68
 -93316.182   292.862    35.24   26.73
 -92939.707   306.073    35.09   25.32
 -92563.198   320.418    38.10   20.05
 -92186.655   330.399    26.51   16.68
 -91810.077   333.015     6.95   18.65
 -91433.466   326.843   -16.39   24.60
 -91056.820   311.701   -40.20   28.80
 -90680.140   297.584   -37.47   26.80
 -90303.426   284.711   -34.17   20.95
 -89926.678   275.935   -23.29   15.95
 -89549.895   269.900   -16.02   13.59
 -89173.078   263.673   -16.52   16.57
 -88796.227   252.232   -30.36   19.66
 -88419.342   240.688   -30.63   22.27
 -88042.422   226.244   -38.32   19.46
 -87665.468   215.050   -29.69   12.64
 -87288.480   211.291    -9.97    8.26
 -86911.457   212.032     1.96   10.45
 -86534.401   214.843     7.46   13.38
 -86157.309   211.436    -9.03   17.33
 -85780.184   202.419   -23.91   19.32
 -85403.024   193.416   -23.87   17.21
 -85025.829   191.013    -6.37   20.60
 -84648.601   194.681     9.72   28.83
 -84271.337   195.371     1.83   31.49
 -83894.040   196.788     3.75   30.13
 -83516.708   192.506   -11.35   20.07
 -83139.341   191.641    -2.29   13.95
 -82761.941   198.934    19.32   14.42
 -82384.505   205.579    17.60   16.81
 -82007.036   210.088    11.95   16.27
 -81629.531   208.291    -4.76   21.58
 -81251.993   198.920   -24.82   27.29
 -80874.419   185.099   -36.60   29.10
 -80496.812   169.746   -40.65   20.80
 -80119.169   161.579   -21.63    8.25
 -79741.492   159.786    -4.75    5.53
 -79363.781   160.804     2.69    5.46
 -78986.035   162.684     4.98    5.55
 -78608.255   163.937     3.32    5.72
 -78230.440   165.195     3.33    5.27
 -77857.494   165.573     1.01    5.07
 -77486.411   167.899     6.27    7.33
 -77115.296   170.390     6.71    7.59
 -76744.147   172.126     4.68    6.32
 -76372.965   177.695    15.00   11.10
 -76001.750   182.399    12.67   11.62
 -75630.501   185.227     7.62   12.48
 -75259.219   181.103   -11.11   20.46
 -74887.903   171.808   -25.03   25.46
 -74516.554   162.484   -25.11   23.96
 -74145.172   154.827   -20.62   18.95
 -73773.757   148.390   -17.33   13.03
 -73402.308   147.952    -1.18   12.83
 -73030.825   150.631     7.21   12.74
 -72659.310   153.317     7.23   13.23
 -72287.760   157.084    10.14   13.27
 -71916.178   160.277     8.59   13.45
 -71544.562   163.648     9.07   14.15
 -71172.912   166.465     7.58   14.90
 -70801.229   170.062     9.68   16.52
 -70429.513   173.746     9.91   16.60
 -70057.763   177.769    10.82   13.68
 -69685.979   180.781     8.10    9.87
 -69314.162   184.201     9.20    8.27
 -68942.312   188.708    12.12   10.66
 -68570.428   192.935    11.37   10.99
 -68198.510   194.936     5.38    9.98
 -67826.559   194.473    -1.24    9.96
 -67454.575   187.881   -17.72   12.84
 -67082.556   179.746   -21.86   13.47
 -66710.505   168.288   -30.79   16.22
 -66338.419   155.842   -33.45   15.67
 -65966.300   142.681   -35.37   16.67
 -65594.147   131.586   -29.81   12.88
 -65221.961   122.970   -23.15    9.46
 -64849.741   119.751    -8.65    6.12
 -64477.488   120.029     0.75    7.18
 -64105.200   121.113     2.91    8.93
 -63732.879   122.560     3.89    9.33
 -63360.525   123.631     2.88   10.09
 -62988.137   124.881     3.36   10.89
 -62615.715   124.825    -0.15   10.27
 -62243.259   122.724    -5.64   11.51
 -61870.769   121.333    -3.73   11.09
 -61498.246   116.937   -11.80   10.36
 -61125.689   113.635    -8.86    9.24
 -60753.099   111.190    -6.56    7.65
 -60380.474   110.307    -2.37    5.66
 -60007.816   109.807    -1.34    4.28
 -59635.124   108.323    -3.98    4.28
 -59262.398   105.529    -7.50    4.43
 -58889.638   103.650    -5.04    4.83
 -58516.845   103.990     0.91    7.10
 -58144.018   105.496     4.04    7.70
 -57771.157   107.809     6.20    7.30
 -57398.262   110.050     6.01    4.75
 -57025.333   111.658     4.31    1.73
 -56652.370   111.626    -0.09    1.91
 -56279.373   111.631     0.01    2.40
 -55906.343   111.613    -0.05    2.92
 -55533.278   110.861    -2.01    3.49
 -55160.180   109.881    -2.63    3.58
 -54787.047   108.956    -2.48    3.22
 -54413.881   108.277    -1.82    2.54
 -54040.681   107.488    -2.11    2.02
 -53667.447   106.862    -1.68    1.89
 -53294.179   106.299    -1.51    1.73
 -52920.876   105.711    -1.58    1.83
 -52547.540   104.571    -3.05    2.21
 -52174.170   103.381    -3.19    2.42
 -51800.766   101.603    -4.76    2.72
 -51427.327    99.899    -4.56    2.50
 -51053.855    98.681    -3.26    2.09
 -50680.349    99.145     1.24    2.79
 -50306.808   100.202     2.83    3.07
 -49933.234   101.069     2.32    3.14
 -49559.625   101.541     1.26    3.41
 -49185.983   100.935    -1.62    4.44
 -48812.306   100.842    -0.25    5.05
 -48438.595    98.809    -5.44    6.19
 -48064.850    96.573    -5.98    6.42
 -47691.071    94.299    -6.08    5.62
 -47317.257    92.029    -6.07    5.15
 -46943.410    89.616    -6.45    4.99
 -46569.528    87.952    -4.45    4.66
 -46195.612    86.381    -4.20    3.76
 -45821.662    85.790    -1.58    3.44
 -45447.678    85.727    -0.17    3.58
 -45073.659    85.195    -1.42    3.31
 -44699.606    85.232     0.10    2.80
 -44325.519    85.823     1.58    2.97
 -43951.398    86.566     1.99    2.84
 -43577.242    87.825     3.37    4.10
 -43203.052    88.918     2.92    5.46
 -42828.828    90.126     3.23    7.57
 -42454.570    90.510     1.03    9.07
 -42080.277    88.804    -4.56    9.55
 -41705.950    85.640    -8.45    8.58
 -41331.589    82.535    -8.29    7.03
 -40957.193    80.470    -5.52    5.59
 -40582.763    78.673    -4.80    4.54
 -40208.298    77.277    -3.73    4.18
 -39833.799    74.918    -6.30    3.55
 -39459.266    73.765    -3.08    3.92
 -39084.698    73.917     0.41    3.64
 -38710.096    73.611    -0.82    3.45
 -38335.460    73.256    -0.95    3.82
 -37960.789    73.399     0.38    4.35
 -37586.084    73.371    -0.07    3.50
 -37211.344    74.256     2.36    2.39
 -36836.569    74.560     0.81    2.23
 -36461.761    74.862     0.81    2.09
 -36086.917    75.131     0.72    3.18
 -35712.039    75.399     0.72    4.09
 -35337.127    74.751    -1.73    4.96
 -34962.180    72.919    -4.89    4.95
 -34587.199    70.584    -6.23    4.17
 -34212.183    68.714    -4.99    2.63
 -33837.132    67.918    -2.12    2.70
 -33462.047    67.069    -2.26    2.65
 -33086.928    66.381    -1.84    1.72
 -32711.773    66.381     0.00    1.60
 -32336.584    66.971     1.57    1.77
 -31961.361    68.214     3.31    2.41
 -31586.103    69.845     4.35    3.57
 -31210.810    72.669     7.53    4.62
 -30835.483    75.616     7.85    5.99
 -30460.121    78.317     7.19    6.34
 -30084.724    79.688     3.65    5.63
 -29709.292    79.988     0.80    4.67
 -29333.826    79.182    -2.14    5.10
 -28958.325    78.044    -3.03    5.76
 -28582.790    75.344    -7.19    6.76
 -28207.220    71.214   -11.00    8.87
 -27831.615    66.684   -12.06    9.45
 -27455.975    63.265    -9.10    8.53
 -27080.300    62.791    -1.26    7.73
 -26704.591    62.515    -0.73    7.54
 -26328.847    64.635     5.64    8.07
 -25953.068    70.590    15.84    6.33
 -25577.254    74.352    10.01    5.26
 -25201.405    77.790     9.15    4.41
 -24825.522    79.541     4.66    2.73
 -24449.604    79.317    -0.60    2.94
 -24073.651    77.201    -5.63    4.34
 -23697.663    75.208    -5.30    4.90
 -23321.640    74.029    -3.14    4.83
 -22945.582    72.608    -3.78    3.47
 -22569.489    72.034    -1.52    2.70
 -22193.362    72.307     0.72    3.24
 -21817.199    71.307    -2.66    3.58
 -21441.002    70.284    -2.72    3.67
 -21064.769    68.917    -3.63    3.63
 -20688.502    66.352    -6.82    4.13
 -20312.200    63.934    -6.43    4.51
 -19935.862    60.973    -7.87    4.19
 -19559.490    58.824    -5.71    3.43
 -19183.083    56.791    -5.40    2.78
 -18806.640    55.641    -3.06    1.79
 -18430.163    55.291    -0.93    1.66
 -18053.651    55.251    -0.11    1.64
 -17677.103    55.363     0.30    1.64
 -17300.521    55.523     0.43    1.59
 -16923.903    55.428    -0.25    1.39
 -16547.250    55.845     1.11    2.46
 -16170.562    56.669     2.19    3.69
 -15793.839    57.066     1.05    3.88
 -15417.081    57.692     1.66    3.64
 -15040.288    57.155    -1.42    3.18
 -14663.460    55.773    -3.67    4.71
 -14286.596    52.918    -7.58    5.64
 -13909.698    49.069   -10.21    4.87
 -13532.764    46.292    -7.37    4.53
 -13155.795    43.363    -7.77    3.97
 -12778.790    41.277    -5.53    3.57
 -12401.751    39.971    -3.46    3.78
 -12024.676    39.362    -1.62    4.23
 -11647.566    38.084    -3.39    3.90
 -11270.421    36.677    -3.73    2.77
 -10893.241    35.323    -3.59    2.65
 -10516.025    33.881    -3.82    2.40
 -10138.774    32.673    -3.20    2.24
  -9761.488    31.470    -3.19    2.57
  -9384.166    30.088    -3.66    2.68
  -9006.809    28.481    -4.26    2.61
  -8629.417    26.845    -4.33    2.88
  -8251.989    25.188    -4.39    3.17
  -7874.526    22.488    -7.15    4.73
  -7497.028    19.296    -8.46    7.19
  -7119.494    14.735   -12.08    8.42
  -6741.925     8.881   -15.51    5.89
  -6364.320     5.066   -10.10    3.01
  -5986.680     3.541    -4.04    2.31
  -5609.005     3.169    -0.99    2.37
  -5231.294     3.952     2.07    3.24
  -4853.548     6.032     5.51    4.17
  -4475.766     9.034     7.95    6.10
  -4097.949    13.595    12.07    7.53
  -3720.096    18.444    12.83    7.91
  -3342.208    23.362    13.01    7.60
  -2968.806    27.765    11.79    4.84
  -2597.830    29.059     3.49    3.85
  -2226.819    26.645    -6.51    7.66
  -1855.773    21.771   -13.14    9.90
  -1484.694    15.239   -17.60   10.55
  -1113.581     8.577   -17.95    8.77
   -742.433     3.749   -13.01    5.91
   -371.251     1.226    -6.80    3.56
     -0.035    -0.119    -3.62    0.00
    371.215     0.288     1.10    1.76
    742.499     2.363     5.59    4.88
   1113.818     5.561     8.61    6.45
   1485.171     9.506    10.62    6.30
   1856.558    13.092     9.66    4.62
   2227.979    15.699     7.02    2.77
   2599.435    17.899     5.92    4.65
   2970.925    20.958     8.23    6.95
   3342.449    24.492     9.51    8.12
   3714.008    28.844    11.71    8.13
   4085.601    33.050    11.32    5.69
   4457.228    35.121     5.57    3.18
   4828.890    36.135     2.73    2.55
   5200.586    37.073     2.52    3.45
   5572.316    38.023     2.56    3.82
   5944.081    38.918     2.41    3.44
   6315.880    39.684     2.06    2.03
   6687.713    39.881     0.53    1.78
   7059.581    40.559     1.82    1.76
   7431.484    40.988     1.15    1.73
   7803.421    41.307     0.86    1.77
   8175.392    41.131    -0.47    2.52
   8547.398    40.455    -1.82    2.90
   8919.438    40.117    -0.91    2.83
   9291.512    39.746    -1.00    2.68
   9663.622    39.424    -0.86    2.38
  10035.765    39.522     0.26    2.17
  10407.943    39.681     0.43    2.12
  10780.156    39.955     0.74    2.26
  11152.403    40.863     2.44    2.12
  11524.685    41.054     0.51    2.61
  11897.001    41.992     2.52    3.32
  12269.352    43.244     3.36    3.35
  12641.738    44.239     2.67    2.86
  13014.158    45.426     3.19    2.54
  13386.613    46.650     3.29    2.21
  13759.102    48.262     4.33    3.26
  14131.626    50.598     6.27    3.25
  14504.185    52.522     5.17    3.45
  14876.778    55.113     6.95    2.76
  15249.406    57.010     5.09    2.53
  15622.068    58.808     4.82    2.34
  15994.766    60.975     5.81    2.96
  16367.498    65.590    12.38    7.33
  16740.264    72.959    19.77   11.15
  17113.066    82.177    24.73   13.59
  17485.902    91.492    24.98   10.94
  17858.773    97.934    17.28    7.51
  18231.678   103.994    16.25    7.63
  18604.619   109.523    14.83   10.24
  18977.594   116.041    17.48    9.90
  19350.604   120.658    12.38    6.34
  19723.649   121.202     1.46    4.68
  20096.728   118.998    -5.91    3.30
  20469.843   118.666    -0.89    2.95
  20842.992   119.484     2.19    3.38
  21216.176   120.917     3.84    3.21
  21589.395   122.566     4.42    2.97
  21962.649   123.503     2.51    2.78
  22335.937   124.081     1.55    2.35
  22709.261   123.714    -0.98    2.43
  23082.619   123.481    -0.62    2.22
  23456.013   123.265    -0.58    1.74
  23829.441   123.881     1.65    1.60
  24202.905   124.708     2.21    1.59
  24576.403   125.256     1.47    1.45
  24949.936   125.640     1.03    1.27
  25323.504   125.809     0.45    1.11
  25697.107   125.644    -0.44    1.15
  26070.745   125.529    -0.31    1.15
  26444.419   126.166     1.71    1.61
  26818.127   127.135     2.59    2.03
  27191.870   128.470     3.57    2.22
  27565.648   129.592     3.00    1.93
  27939.462   130.262     1.79    1.58
  28313.310   130.473     0.56    1.42
  28687.193   130.258    -0.58    1.21
  29061.112   130.309     0.14    1.17
  29435.066   130.584     0.74    1.38
  29809.054   131.153     1.52    1.60
  30183.078   131.438     0.76    1.53
  30557.137   131.047    -1.05    2.23
  30931.232   129.977    -2.86    2.67
  31305.361   128.881    -2.93    2.56
  31679.525   128.251    -1.68    2.23
  32053.725   127.827    -1.13    1.72
  32427.960   128.081     0.68    1.81
  32802.230   128.825     1.99    2.17
  33176.535   130.309     3.97    2.88
  33550.876   132.141     4.89    3.02
  33925.252   134.148     5.36    2.78
  34299.663   135.069     2.46    2.59
  34674.109   134.990    -0.21    2.58
  35048.591   134.788    -0.54    3.17
  35423.107   135.220     1.15    2.95
  35797.660   136.845     4.34    3.29
  36172.247   138.692     4.93    3.04
  36546.870   140.462     4.73    2.79
  36921.528   141.938     3.94    2.46
  37296.222   143.135     3.19    2.58
  37670.950   144.640     4.02    1.93
  38045.715   145.506     2.31    1.58
  38420.514   146.325     2.19    1.28
  38795.349   146.899     1.53    1.24
  39170.220   147.452     1.48    1.32
  39545.126   147.635     0.49    1.28
  39920.067   148.044     1.09    1.97
  40295.043   149.111     2.85    5.13
  40670.056   150.809     4.53    6.69
  41045.103   152.201     3.71    7.04
  41420.186   154.492     6.11    7.93
  41795.305   158.077     9.56   10.86
  42170.459   162.481    11.74   14.49
  42545.649   170.095    20.30   20.09
  42920.874   178.284    21.83   24.47
  43296.134   196.559    48.70   33.76
  43671.431   222.099    68.05   36.48
  44046.762   248.971    71.60   41.03
  44422.130   281.195    85.85   34.70
  44797.533   300.753    52.10   28.28
  45172.971   317.462    44.51   17.44
  45548.445   316.975    -1.30   21.82
  45923.955   302.059   -39.72   36.00
  46299.500   282.419   -52.30   48.40
  46675.081   272.202   -27.20   52.92
  47050.698   268.717    -9.28   57.11
  47426.350   265.220    -9.31   61.62
  47802.038   258.723   -17.29   63.04
  48177.762   256.171    -6.79   61.58
  48553.522   265.595    25.08   65.50
  48929.317   283.092    46.56   63.91
  49305.148   308.577    67.81   55.33
  49681.014   335.239    70.94   42.21
  50056.916   347.510    32.65   31.30
  50432.855   346.684    -2.20   23.05
  50808.828   332.103   -38.78   34.47
  51184.838   308.753   -62.10   43.92
  51560.884   281.121   -73.48   48.93
  51936.965   264.023   -45.47   36.71
  52313.082   254.258   -25.97   32.33
  52689.235   255.863     4.27   34.87
  53065.424   265.917    26.73   38.49
  53441.648   277.773    31.52   45.26
  53817.909   299.631    58.09   39.71
  54194.205   307.973    22.17   41.61
  54570.538   320.059    32.12   38.41
  54946.906   339.573    51.85   31.89
  55323.310   353.773    37.73   23.91
  55699.750   352.408    -3.63   23.30
  56076.226   339.753   -33.62   30.04
  56452.738   326.131   -36.18   31.41
  56829.286   316.371   -25.92   28.23
  57205.870   307.990   -22.26   23.13
  57582.490   310.034     5.43   21.27
  57959.146   307.244    -7.41   21.40
  58335.837   303.566    -9.77   24.92
  58712.565   295.226   -22.14   28.83
  59089.329   279.863   -40.78   31.16
  59466.129   266.317   -35.95   28.97
  59842.966   254.488   -31.39   21.86
  60219.838   257.150     7.06   26.44
  60596.746   255.791    -3.60   26.40
  60973.690   253.621    -5.76   25.75
  61350.671   250.488    -8.31   23.14
  61727.687   248.975    -4.01   22.24
  62104.740   249.529     1.47   22.32
  62481.829   233.256   -43.16   36.80
  62858.954   205.900   -72.54   51.19
  63236.115   176.881   -76.95   48.20
  63613.313   168.992   -20.92   51.23
  63990.546   177.202    21.77   57.08
  64367.816   196.720    51.74   52.48
  64745.122   197.735     2.69   39.72
  65122.464   191.148   -17.46   31.38
  65499.843   183.438   -20.43   30.18
  65877.258   175.190   -21.86   23.88
  66254.709   183.990    23.32   30.12
  66632.196   194.220    27.10   30.19
  67009.720   199.495    13.97   27.42
  67387.280   205.626    16.24   30.12
  67764.876   217.808    32.26   38.05
  68142.509   233.977    42.82   42.78
  68520.177   247.790    36.58   32.06
  68897.883   252.029    11.22   22.66
  69275.624   248.184   -10.18   20.47
  69653.402   244.171   -10.62   14.76
  70031.217   253.953    25.89   22.67
  70409.068   271.353    46.05   25.18
  70786.955   287.534    42.82   20.59
  71164.879   299.506    31.68   21.71
  71542.839   309.436    26.28   25.20
  71916.789   315.547    16.34   25.37
  72287.662   320.631    13.71   22.61
  72658.570   323.640     8.11   20.09
  73029.513   318.238   -14.56   18.51
  73400.490   318.335     0.26   14.54
  73771.503   323.335    13.48   16.90
  74142.551   333.214    26.63   20.26
  74513.634   341.477    22.27   19.44
  74884.752   346.573    13.73   17.88
  75255.905   345.845    -1.96   16.02
  75627.093   343.862    -5.34   17.15
  75998.317   343.648    -0.58   18.30
  76369.575   338.771   -13.14   20.01
  76740.869   332.081   -18.02   21.64
  77112.197   326.148   -15.98   18.54
  77483.561   322.462    -9.93   13.68
  77854.960   324.773     6.22   15.37
  78226.395   329.239    12.02   17.34
  78597.864   328.416    -2.22   19.44
  78969.369   329.436     2.75   20.57
  79340.908   322.099   -19.75   15.75
  79712.483   324.288     5.89   16.76
  80084.094   330.077    15.58   19.92
  80455.739   329.553    -1.41   19.67
  80827.420   327.006    -6.86   20.83
  81199.136   320.862   -16.53   21.42
  81570.887   319.362    -4.04   18.84
  81942.674   327.613    22.19   19.91
  82314.496   338.541    29.39   19.47
  82686.353   343.059    12.15   19.37
  83058.246   352.246    24.70   26.03
  83430.174   363.971    31.53   28.31
  83802.137   374.992    29.63   29.58
  84174.136   382.553    20.33   27.76
  84546.170   382.262    -0.78   29.31
  84918.239   381.452    -2.18   30.05
  85290.344   377.824    -9.75   26.49
  85662.484   376.099    -4.64   21.06
  86034.660   364.881   -30.14   27.33
  86406.871   341.126   -63.83   41.11
  86779.118   304.095   -99.49   61.43
  87151.400   263.496  -109.06   58.52
  87523.717   238.044   -68.37   48.15
  87896.070   219.251   -50.48   40.08
  88268.459   218.177    -2.88   41.82
  88640.883   223.648    14.69   39.85
  89013.342   226.662     8.09   34.72
  89385.837   242.220    41.77   34.76
  89758.368   254.026    31.69   28.28
  90130.934   263.577    25.64   20.29
  90503.536   271.977    22.55   10.90
  90876.173   280.541    22.99   13.85
  91248.846   288.711    21.92   23.68
  91621.555   297.381    23.26   33.55
  91994.299   304.790    19.88   36.63
  92367.079   309.023    11.36   32.19
  92739.894   305.613    -9.15   22.61
  93112.745   300.190   -14.55   17.70
  93485.632   293.595   -17.69   15.78
  93858.554   287.484   -16.39   15.09
  94231.512   285.135    -6.30   19.01
  94604.506   279.566   -14.93   22.99
  94977.535   268.416   -29.89   26.38
  95350.601   258.251   -27.25   25.96
  95723.701   250.577   -20.57   22.29
  96096.838   245.935   -12.44   13.10
  96470.011   248.952     8.09   15.80
  96843.219   255.530    17.63   22.62
  97216.463   261.269    15.38   25.01
  97589.743   262.881     4.32   26.29
  97963.058   258.246   -12.42   26.07
  98336.410   252.220   -16.14   25.59
  98709.797   245.899   -16.93   27.39
  99083.220   242.881    -8.09   29.43
  99456.679   246.452     9.56   31.65
  99830.174   241.444   -13.41   35.65
 100203.704   237.613   -10.26   37.17
 100577.271   225.426   -32.63   39.93
 100950.874   200.135   -67.70   45.68
 101324.512   172.765   -73.26   42.94
 101698.186   158.416   -38.40   33.33
 102071.897   158.843     1.14   37.09
 102445.643   173.845    40.14   46.05
 102819.425   195.473    57.87   41.13
 103193.243   201.699    16.66   38.48
 103567.097   204.470     7.41   39.46
 103940.988   206.826     6.30   42.43
 104314.914   202.631   -11.22   46.54
 104688.876   207.554    13.17   53.96
 105062.874   213.986    17.20   59.70
 105436.908   210.117   -10.34   59.64
 105810.979   218.756    23.10   62.68
 106185.085   230.955    32.61   71.89
 106559.228   253.916    61.38   76.20
 106933.406   276.658    60.79   74.88
 107307.621   290.807    37.81   63.80
 107681.872   295.577    12.75   53.47
 108056.159   293.227    -6.28   42.91
 108430.482   306.345    35.05   34.36
 108804.841   318.635    32.83   25.68
 109179.237   331.327    33.90   19.13
 109553.668   340.256    23.85   15.73
 109928.136   346.166    15.79   14.29
 110302.640   352.541    17.02   16.46
 110677.181   358.881    16.93   22.90
 111051.757   371.702    34.23   31.08
 111426.370   385.251    36.17   35.96
 111801.019   402.810    46.87   44.47
 112175.704   417.473    39.14   43.56
 112550.426   417.738     0.71   40.98
 112925.183   407.238   -28.02   41.69
 113299.978   396.309   -29.16   33.37
 113674.808   392.021   -11.44   25.28
 114049.675   395.315     8.79   21.29
 114424.578   398.881     9.51   19.85
 114799.518   400.611     4.62   23.87
 115174.493   400.372    -0.64   23.36
 115549.506   393.517   -18.28   23.28
 115924.554   393.695     0.48   22.15
 116299.639   393.968     0.73   22.79
 116674.761   395.317     3.60   19.83
 117049.919   392.793    -6.73   20.54
 117425.113   390.418    -6.33   21.57
 117800.344   389.041    -3.67   26.21
 118175.611   393.994    13.20   28.84
 118550.915   398.131    11.02   30.31
 118926.255   391.059   -18.84   31.92
 119301.632   387.179   -10.34   32.54
 119677.045   375.600   -30.85   32.17
 120052.495   370.899   -12.52   31.22
 120427.981   367.452    -9.18   30.52
 120803.504   365.034    -6.44   27.51
 121179.063   361.284    -9.99   28.80
 121554.659   356.444   -12.89   28.77
 121930.292   355.975    -1.25   28.94
 122305.961   358.109     5.68   26.68
 122681.667   363.184    13.51   28.39
 123057.409   376.740    36.08   30.25
 123433.188   387.899    29.70   31.16
 123809.004   400.059    32.36   30.09
 124184.857   411.352    30.05   24.57
 124560.746   413.041     4.49   23.10
 124936.671   408.809   -11.26   23.01
 125312.634   397.684   -29.59   25.80
 125688.633   385.179   -33.26   22.71
 126064.669   377.426   -20.62   20.00
 126440.742   367.220   -27.14   14.05
 126816.851   357.823   -24.99   16.98
 127192.997   347.126   -28.44   20.24
 127569.180   333.062   -37.39   13.56
 127945.400   327.008   -16.10    7.92
 128321.656   327.582     1.53   11.15
 128697.950   327.044    -1.43   10.19
 129074.280   325.845    -3.19    6.23
 129450.647   326.899     2.80    7.26
 129827.051   330.791    10.34    9.49
 130203.492   337.769    18.54   12.33
 130579.969   346.809    24.01   14.29
 130956.484   358.226    30.33   16.95
 131333.035   367.595    24.88   18.55
 131709.623   376.220    22.91   18.21
 132086.249   373.917    -6.12   19.29
 132462.911   362.273   -30.92   29.48
 132839.610   353.616   -22.98   33.38
 133216.346   340.990   -33.52   33.68
 133593.119   323.416   -46.65   28.79
 133969.929   315.771   -20.29   20.35
 134346.776   313.354    -6.42   10.16
 134723.660   316.238     7.65   10.48
 135100.582   313.933    -6.11   17.59
 135477.540   312.503    -3.79   19.33
 135854.535   311.547    -2.54   19.69
 136231.567   310.462    -2.88   19.87
 136608.637   314.095     9.63   19.82
 136985.743   324.577    27.80   14.87
 137362.887   327.344     7.34   11.52
 137740.067   323.442   -10.35    9.16
 138117.285   316.584   -18.18   10.97
 138494.540   315.666    -2.43   10.87
 138871.832   318.644     7.89   14.95
 139249.162   324.117    14.51   17.33
 139626.528   327.809     9.79   22.23
 140003.932   321.269   -17.33   30.85
 140381.373   306.354   -39.52   34.70
 140758.851   294.955   -30.20   31.89
 141136.366   286.003   -23.71   25.88
 141513.919   289.826    10.13   25.34
 141891.509   295.074    13.90   26.98
 142269.136   306.190    29.44   29.85
 142646.800   322.353    42.81   22.93
 143024.502   328.003    14.96   20.00
 143402.241   324.034   -10.51   20.19
 143780.017   321.595    -6.46   27.87
 144157.831   320.171    -3.77   34.62
 144535.682   313.109   -18.69   33.00
 144913.570   318.179    13.42   30.61
 145291.496   321.416     8.57   28.57
 145669.459   327.898    17.15   29.99
 146047.460   333.611    15.12   30.35
 146425.498   326.845   -17.90   27.22
 146800.070   319.418   -19.83   20.01
 147170.832   315.256   -11.23   16.45
 147541.630   311.935    -8.96   12.20
 147912.464   315.041     8.38   14.63
 148283.334   317.973     7.91   18.42
 148654.240   319.190     3.28   23.66
 149025.182   316.613    -6.95   25.09
 149396.160   311.692   -13.27   25.23
 149767.173   316.670    13.42   22.81
 150138.223   327.381    28.87   18.78
 150509.309   336.810    25.42   16.71
 150880.431   346.044    24.88   13.31
 151251.588   350.495    11.99   13.85
 151622.782   355.720    14.08   13.42
 151994.012   356.688     2.61   17.88
 152365.278   341.208   -41.70   40.47
 152736.579   318.408   -61.42   47.38
 153107.917   304.354   -37.85   42.37
 153479.292   306.447     5.63   45.84
 153850.702   312.970    17.57   50.37
 154222.148   314.861     5.09   49.45
 154593.630   304.113   -28.94   48.74
 154965.149   292.309   -31.78   37.87
 155336.704   283.495   -23.73   33.31
 155708.294   280.917    -6.94   27.81
 156079.921   290.530    25.87   34.83
 156451.585   316.590    70.13   50.47
 156823.284   352.166    95.73   47.64
 157195.020   380.284    75.65   22.12
 157566.792   387.714    19.99   10.99
 157938.600   384.184    -9.50   10.33
 158310.444   379.994   -11.27    9.26
 158682.325   378.273    -4.63   12.30
 159054.241   374.584    -9.92   14.29
 159426.195   372.968    -4.35   13.24
 159798.184   369.208   -10.11   13.14
 160170.210   358.828   -27.91   19.93
 160542.272   354.353   -12.03   19.34
 160914.370   353.844    -1.37   21.75
 161286.505   356.648     7.54   18.92
 161658.676   361.788    13.81   15.56
 162030.884   358.059   -10.02   21.37
 162403.127   339.214   -50.63   33.22
 162775.408   322.006   -46.23   34.12
 163147.724   306.749   -40.99   26.79
 163520.078   305.126    -4.36   26.04
 163892.467   312.571    20.00   25.81
 164264.893   313.238     1.79   23.25
 164637.355   311.826    -3.79   18.76
 165009.854   317.535    15.33   25.59
 165382.390   332.863    41.15   36.68
 165754.962   349.088    43.56   42.00
 166127.570   364.434    41.19   38.81
 166500.215   378.325    37.28   37.24
 166872.896   388.523    27.37   30.46
 167245.614   389.473     2.55   24.01
 167618.369   381.705   -20.84   20.87
 167991.160   364.595   -45.91   29.25
 168363.988   353.808   -28.94   26.36
 168736.852   345.863   -21.31   25.17
 169109.753   345.517    -0.93   23.74
 169482.690   345.708     0.51   21.61
 169855.664   340.765   -13.26   24.46
 170228.675   326.309   -38.76   28.48
 170601.723   312.408   -37.27   22.64
 170974.807   305.095   -19.60   25.25
 171347.928   299.434   -15.17   30.55
 171721.085   299.398    -0.10   35.02
 172094.279   288.506   -29.19   30.92
 172467.510   281.626   -18.44   21.46
 172840.778   284.495     7.69   20.00
 173214.082   297.753    35.52   25.87
 173587.423   320.354    60.55   30.25
 173960.801   339.131    50.30   23.03
 174334.216   341.565     6.52   24.17
 174707.668   334.131   -19.91   32.27
 175081.156   324.148   -26.73   35.93
 175454.681   307.595   -44.32   29.13
 175828.243   298.535   -24.26   18.85
 176201.842   292.720   -15.57   12.50
 176575.477   297.381    12.48   19.85
 176949.150   305.038    20.50   25.45
 177322.859   318.547    36.15   35.86
 177696.606   336.442    47.89   40.97
 178070.389   356.202    52.87   38.12
 178444.209   364.951    23.41   31.65
 178818.066   359.488   -14.62   27.86
 179191.960   351.407   -21.62   26.16
 179565.891   339.196   -32.66   20.08
 179939.859   335.066   -11.05   18.81
 180313.864   331.898    -8.47   17.41
 180687.906   331.284    -1.64   13.23
 181061.985   332.291     2.69   10.25
 181436.101   338.006    15.28   12.48
 181810.254   345.156    19.12   14.25
 182184.444   356.095    29.24   15.16
 182558.671   365.424    24.93   15.96
 182932.935   376.723    30.19   18.08
 183307.236   383.426    17.91   19.32
 183681.575   387.688    11.39   17.92
 184055.950   386.342    -3.59   16.83
 184430.363   380.863   -14.64   16.01
 184804.812   380.428    -1.16   21.56
 185179.299   381.372     2.52   24.27
 185553.823   386.577    13.90   26.46
 185928.385   384.220    -6.29   24.79
 186302.983   374.126   -26.95   27.92
 186677.619   363.881   -27.35   23.69
 187052.291   359.381   -12.01   26.25
 187427.001   352.788   -17.60   28.42
 187801.749   345.424   -19.65   27.17
 188176.533   334.603   -28.88   17.40
 188551.355   330.398   -11.22    3.98
 188926.214   331.363     2.57    2.61
 189301.110   334.631     8.72    7.62
 189676.044   335.023     1.05    7.45
 190051.015   335.244     0.59    7.95
 190426.023   337.857     6.97   12.10
