# NaN NaN NaN ;Mean Elev.(m), Avg Gradient(m/km), RMS Gradient(m/km) - SRTM1     
#   13.814  -3.603   6.294 ;Mean Elev.(m), Avg Gradient(m/km), RMS Gradient(m/km) - ASTER GDEM
#    1.130  -4.430   6.952 ;Mean Elev.(m), Avg Gradient(m/km), RMS Gradient(m/km) - GMTED2010 
  7    25.302 52445.09119700 14.20 288.084955  46.624629  5.103
  7    23.312 52445.09119765 18.74 288.083685  46.627879  5.103
  7    24.848 52445.09119829 16.33 288.082405  46.631129  5.103
  7    36.626 52445.09119894 10.73 288.081135  46.634379  5.103
  7    23.785 52445.09119958 11.54 288.079855  46.637629  5.103
  7    24.153 52445.09120023 11.55 288.078576  46.640878  8.624
  7    26.246 52445.09120087 11.15 288.077306  46.644118  8.624
  7    28.387 52445.09120152  9.90 288.076026  46.647368  8.624
  8    24.392 52480.09119032 16.72 288.090291  46.630074 10.612
  8     2.785 52480.09119161 36.85 288.087741  46.636574 10.612
  8     3.174 52480.09119225 36.02 288.086465  46.639814 10.531
  8     3.602 52480.09119290 30.38 288.085195  46.643064 10.531
  8     3.110 52480.09119354 31.81 288.083915  46.646314 10.531
  8     5.080 52480.09119419 28.99 288.082635  46.649564 10.531
  8     4.682 52480.09119483 30.44 288.081365  46.652814 10.531
  8     4.342 52480.09119548 33.06 288.080085  46.656064 10.531
  9    20.810 52515.09114053 16.81 288.100773  46.641698  8.594
  9    27.128 52515.09114117  7.85 288.099503  46.644948  8.594
  9    26.913 52515.09114182  4.72 288.098223  46.648198  8.594
  9     1.194 52515.09114311 18.14 288.095673  46.654688  8.594
  9     1.728 52515.09114375 16.73 288.094403  46.657938  8.594
  9     2.453 52515.09114440 16.10 288.093123  46.661188  8.594
  9     2.206 52515.09114504 15.63 288.091843  46.664438  8.594
  9     3.493 52515.09114569 16.43 288.090573  46.667688  8.594
 11    48.547 52585.09116561  5.14 288.098310  46.640177  3.597
 11    46.662 52585.09116625  4.60 288.097030  46.643427  3.597
 11    46.657 52585.09116690  5.04 288.095760  46.646677  3.597
 11    47.856 52585.09116754  4.27 288.094480  46.649927  3.597
 11    52.338 52585.09116819  3.84 288.093210  46.653177  3.597
 11    56.035 52585.09116883  3.59 288.091932  46.656415  3.779
 11    57.952 52585.09116947  3.07 288.090652  46.659665  3.779
 11    60.359 52585.09117012  2.56 288.089382  46.662915  3.779
 11    62.106 52585.09117076  4.13 288.088102  46.666165  3.779
 12    49.627 52620.09114477  1.56 288.095395  46.634724  2.577
 12    42.698 52620.09114541  5.21 288.094115  46.637974  2.577
 12    25.815 52620.09114606  8.17 288.092845  46.641224  2.577
 12    20.946 52620.09114670 13.28 288.091565  46.644474  2.577
 12    20.463 52620.09114735 17.87 288.090294  46.647714  8.965
 12    20.012 52620.09114799 20.76 288.089014  46.650964  8.965
 12    20.760 52620.09114864 20.93 288.087744  46.654214  8.965
 12    -1.286 52620.09115057 34.69 288.083914  46.663954  8.965
 14    48.304 52690.09112851  4.98 288.096798  46.639423  2.482
 14    46.229 52690.09112915  5.49 288.095518  46.642673  2.482
 14    45.208 52690.09112980  7.63 288.094248  46.645923  2.482
 14    44.653 52690.09113044  8.02 288.092968  46.649173  2.482
 14    33.164 52690.09113109  8.15 288.091698  46.652423  2.482
 14    38.314 52690.09113173  7.88 288.090418  46.655663  2.482
 14    26.471 52690.09113238  9.29 288.089148  46.658913  2.482
 14    41.407 52690.09113302  7.43 288.087868  46.662163  2.482
 14    43.626 52690.09113367  4.78 288.086598  46.665413  2.482
 15    38.584 52725.09117079 12.60 288.093804  46.632085  7.146
 15    40.092 52725.09117143 11.33 288.092534  46.635335  7.146
 15    41.108 52725.09117208 11.90 288.091254  46.638585  7.146
 15    25.862 52725.09117272 13.47 288.089974  46.641835  7.146
 15    31.820 52725.09117401 12.54 288.087424  46.648335  7.146
 15    31.851 52725.09117466 13.39 288.086154  46.651575  7.146
 15    56.001 52725.09117530  6.80 288.084874  46.654825  7.146
 15    59.000 52725.09117595  3.35 288.083594  46.658075  7.146
 15    60.764 52725.09117659  4.32 288.082324  46.661325  7.146
 16    44.241 52760.09118856 14.92 288.088862  46.628173  9.199
 16    42.057 52760.09118920 13.06 288.087592  46.631423  9.199
 16     3.517 52760.09119178 34.57 288.082486  46.644413  7.327
 16     3.682 52760.09119242 39.83 288.081216  46.647663  7.327
 16     3.847 52760.09119307 42.42 288.079936  46.650913  7.327
 16     3.206 52760.09119371 43.41 288.078666  46.654163  7.327
 17    38.635 52795.09114564 11.02 288.092404  46.632326  3.979
 17    40.321 52795.09114629  8.61 288.091124  46.635576  3.979
 17    40.352 52795.09114693  8.57 288.089855  46.638824  3.629
 17    40.636 52795.09114758  8.47 288.088575  46.642064  3.629
 17    41.038 52795.09114822  7.05 288.087295  46.645314  3.629
 17    41.141 52795.09114887  6.79 288.086025  46.648564  3.629
 17    40.919 52795.09114951  7.30 288.084745  46.651814  3.629
 17    40.692 52795.09115015  6.77 288.083475  46.655064  3.629
 17    59.114 52795.09115080  6.46 288.082195  46.658304  3.629
 17    61.798 52795.09115144  6.34 288.080915  46.661554  3.629
 18    19.517 52830.09121199 16.60 288.094769  46.630311  6.115
 18    22.939 52830.09121263 12.17 288.093489  46.633561  6.115
 18    21.847 52830.09121328 19.30 288.092209  46.636811  6.115
 18    22.450 52830.09121392 15.26 288.090939  46.640050 13.863
 18    21.628 52830.09121457 12.49 288.089659  46.643300 13.863
 18     1.630 52830.09121585 35.36 288.087109  46.649800 13.863
 18     2.572 52830.09121650 36.01 288.085829  46.653050 13.863
 18     2.524 52830.09121714 42.07 288.084559  46.656290 13.863
 18     1.343 52830.09121779 36.81 288.083279  46.659540 13.863
 18     1.368 52830.09121843 27.87 288.081999  46.662790 13.863
 19    24.266 52865.09125717 17.45 288.097664  46.636205  5.484
 19    24.363 52865.09125781 16.50 288.096394  46.639455  5.484
 19    42.610 52865.09125846  7.93 288.095119  46.642704  9.187
 19    26.585 52865.09125910  6.41 288.093839  46.645944  9.187
 19     2.661 52865.09126104 28.31 288.090009  46.655694  9.187
 19     4.108 52865.09126168 36.09 288.088729  46.658934  9.187
 19     4.226 52865.09126233 44.53 288.087459  46.662184  9.187
 19     3.175 52865.09126297 46.66 288.086179  46.665434  9.187
 20    22.373 52900.09128555 14.05 288.094289  46.632817  6.369
 20    21.808 52900.09128620 16.68 288.093019  46.636067  6.369
 20    21.749 52900.09128684 21.95 288.091739  46.639317  6.369
 20    24.596 52900.09128749 11.19 288.090465  46.642558 10.699
 20     1.206 52900.09128878 29.39 288.087915  46.649058 10.699
 20     2.090 52900.09128942 25.24 288.086635  46.652308 10.699
 20     2.292 52900.09129007 24.65 288.085365  46.655558 10.699
 20     2.771 52900.09129071 24.91 288.084085  46.658798 10.699
 20     2.294 52900.09129135 24.87 288.082815  46.662048 10.699
 21    42.257 52935.09122904  6.72 288.095713  46.637278  7.341
 21     1.284 52935.09123162 21.75 288.090615  46.650269  9.021
 21     1.323 52935.09123227 21.24 288.089345  46.653519  9.021
 21     2.518 52935.09123291 20.97 288.088065  46.656769  9.021
 21     2.608 52935.09123355 30.34 288.086795  46.660019  9.021
 21     1.192 52935.09123420 35.00 288.085515  46.663259  9.021
 21     2.542 52935.09123484 22.51 288.084245  46.666509  9.021
 22    23.379 52970.09124583 18.85 288.091370  46.628699  9.208
 22    42.517 52970.09124647  9.40 288.090090  46.631949  9.208
 22    40.568 52970.09124712  7.96 288.088820  46.635199  9.208
 22    39.699 52970.09124776  8.64 288.087540  46.638449  9.208
 22     4.406 52970.09125098 28.47 288.081160  46.654689  9.208
 22     4.482 52970.09125163 30.17 288.079890  46.657929  9.208
 23    49.289 53005.09126290 11.83 288.089061  46.629376  6.304
 23    22.419 53005.09126354 18.97 288.087791  46.632626  6.304
 23    21.741 53005.09126419 24.74 288.086511  46.635876  6.304
 23    21.978 53005.09126483 22.63 288.085237  46.639124  8.489
 23    22.343 53005.09126547 18.73 288.083967  46.642364  8.489
 23    22.009 53005.09126612 21.07 288.082687  46.645614  8.489
 23     1.095 53005.09126741 39.67 288.080137  46.652114  8.489
 24    50.228 53040.09121251  4.78 288.085016  46.626420  2.286
 24    48.661 53040.09121315  5.36 288.083746  46.629670  2.286
 24    41.942 53040.09121379  8.92 288.082466  46.632920  2.286
 24    24.115 53040.09121444 15.42 288.081195  46.636168  6.388
 24    23.878 53040.09121508 16.41 288.079915  46.639408  6.388
 24    23.979 53040.09121573 14.01 288.078645  46.642658  6.388
 24    39.819 53040.09121637  7.49 288.077365  46.645908  6.388
 25    50.409 53075.09124496  7.34 288.092227  46.631902  1.823
 25    48.192 53075.09124561  8.20 288.090958  46.635141  7.573
 25    42.585 53075.09124625  9.36 288.089678  46.638391  7.573
 25    24.229 53075.09124690 17.37 288.088408  46.641641  7.573
 25    23.965 53075.09124754 21.37 288.087128  46.644891  7.573
 25    23.939 53075.09124819 21.80 288.085858  46.648141  7.573
 25    24.418 53075.09124883 16.83 288.084578  46.651381  7.573
 25     2.415 53075.09125012 35.30 288.082028  46.657881  7.573
 25     2.502 53075.09125077 27.73 288.080748  46.661131  7.573
 26    28.198 53110.09121417 22.77 288.083234  46.626235  7.485
 26    27.522 53110.09121482 21.73 288.081964  46.629475  7.485
 26    39.276 53110.09121546 15.64 288.080684  46.632725  7.485
 26    37.209 53110.09121611 15.09 288.079414  46.635975  7.485
 26    35.627 53110.09121675 14.99 288.078134  46.639225  7.485
 27    45.178 53145.09125624 14.14 288.090362  46.628295  5.754
 27    43.412 53145.09125689 11.09 288.089086  46.631545  5.752
 27    40.392 53145.09125753 11.50 288.087816  46.634785  5.752
 27    39.223 53145.09125818 12.39 288.086536  46.638035  5.752
 27    39.048 53145.09125882 12.55 288.085266  46.641285  5.752
 28    24.522 53180.09126983 15.07 288.095415  46.636076  5.929
 28    41.302 53180.09127048  9.03 288.094135  46.639326  5.929
 28    42.296 53180.09127112  6.59 288.092856  46.642566  6.822
 28     1.132 53180.09127241 21.92 288.090306  46.649066  6.822
 28     1.226 53180.09127306 18.49 288.089036  46.652316  6.822
 28     1.443 53180.09127370 24.09 288.087756  46.655566  6.822
 28     2.972 53180.09127435 23.35 288.086476  46.658806  6.822
 28     2.653 53180.09127499 26.26 288.085206  46.662056  6.822
 28     2.522 53180.09127564 23.97 288.083926  46.665306  6.822
 29    38.384 53215.09129105 10.33 288.091951  46.631534  3.826
 29    48.398 53215.09129169  8.43 288.090681  46.634784  3.826
 29    40.922 53215.09129234  9.13 288.089401  46.638034  3.826
 29    24.715 53215.09129298 10.74 288.088123  46.641274  5.757
 29    43.210 53215.09129363  7.88 288.086853  46.644524  5.757
 29    41.176 53215.09129427  7.99 288.085573  46.647774  5.757
 29    28.665 53215.09129492  8.90 288.084303  46.651024  5.757
 29    28.845 53215.09129556  8.79 288.083023  46.654274  5.757
 29    27.081 53215.09129621 10.56 288.081743  46.657514  5.757
 29    60.667 53215.09129685  8.34 288.080473  46.660764  5.757
 30    38.441 53250.09126277  7.77 288.096588  46.637047  5.321
 30    42.139 53250.09126341  6.37 288.095318  46.640297  5.321
 30    44.365 53250.09126406  5.56 288.094048  46.643547  5.321
 30    45.740 53250.09126470  4.42 288.092768  46.646797  5.321
 30    50.716 53250.09126535  4.61 288.091498  46.650047  5.321
 30    53.294 53250.09126599  4.59 288.090218  46.653297  5.321
 30    56.339 53250.09126664  4.23 288.088938  46.656537  5.321
 30    59.096 53250.09126728  2.56 288.087668  46.659787  5.321
 30    61.197 53250.09126793  2.86 288.086388  46.663037  5.321
 30    62.861 53250.09126857  4.29 288.085118  46.666287  5.321
 31    25.377 53285.09125809 12.97 288.084516  46.627501  4.834
 31    22.264 53285.09125873 18.84 288.083244  46.630749 10.279
 31    22.025 53285.09125938 14.94 288.081964  46.633989 10.279
 31    22.125 53285.09126002 12.25 288.080684  46.637239 10.279
 31     0.955 53285.09126131 42.50 288.078134  46.643739 10.279
 31     0.936 53285.09126196 47.54 288.076864  46.646989 10.279
 31     0.079 53285.09126260 49.32 288.075584  46.650229 10.279
 32    23.307 53320.09124363 21.26 288.097175  46.637467  5.982
 32    22.986 53320.09124428 21.88 288.095905  46.640717  5.982
 32    23.104 53320.09124492 21.78 288.094625  46.643967  5.982
 32    26.752 53320.09124557 10.99 288.093355  46.647207  5.982
 32     2.213 53320.09124686 36.77 288.090796  46.653705  7.120
 32     2.367 53320.09124750 38.45 288.089526  46.656955  7.120
 32     2.633 53320.09124815 41.54 288.088246  46.660205  7.120
 32     1.453 53320.09124879 40.46 288.086966  46.663455  7.120
 32     2.242 53320.09124944 26.43 288.085696  46.666705  7.120
 33    23.854 53355.09121303 17.97 288.099750  46.644638  2.678
 33    23.457 53355.09121368 18.83 288.098478  46.647879  8.820
 33    24.103 53355.09121432 18.08 288.097208  46.651129  8.820
 33    24.361 53355.09121497 16.98 288.095928  46.654379  8.820
 33     3.220 53355.09121626 46.61 288.093378  46.660879  8.820
 33     3.178 53355.09121690 44.00 288.092098  46.664119  8.820
 33     3.525 53355.09121754 43.72 288.090828  46.667369  8.820
 34    50.526 53390.09121743  5.06 288.088136  46.628252  2.130
 34    43.330 53390.09121807  8.22 288.086866  46.631492  2.130
 34    22.700 53390.09121872 12.39 288.085590  46.634749  7.560
 34    22.175 53390.09121936 16.06 288.084310  46.637989  7.560
 34    21.862 53390.09122000 16.37 288.083030  46.641239  7.560
 34    22.337 53390.09122065 15.33 288.081760  46.644489  7.560
 34    22.362 53390.09122129 13.10 288.080480  46.647739  7.560
 35    47.387 53425.09121738  5.70 288.097537  46.641415  5.078
 35    45.427 53425.09121803  7.48 288.096267  46.644665  5.078
 35    24.632 53425.09121867 14.14 288.094987  46.647915  5.078
 35    24.802 53425.09121932 12.97 288.093717  46.651165  5.078
 35    24.151 53425.09121996 15.14 288.092437  46.654415  5.078
 35    38.585 53425.09122061  6.95 288.091167  46.657655  5.078
 36    27.310 53460.09122110  9.51 288.094304  46.631605  4.933
 36    26.496 53460.09122174  9.16 288.093030  46.634851  4.241
 36    47.180 53460.09122239  5.62 288.091750  46.638091  4.241
 36    45.604 53460.09122303  4.72 288.090470  46.641341  4.241
 36    44.287 53460.09122367  5.21 288.089200  46.644591  4.241
 36    42.976 53460.09122432  4.42 288.087920  46.647841  4.241
 36    49.746 53460.09122496  3.87 288.086640  46.651091  4.241
 36    55.756 53460.09122561  4.26 288.085370  46.654331  4.241
 36    40.930 53460.09122625  5.67 288.084090  46.657581  4.241
 36    60.371 53460.09122690  4.32 288.082810  46.660831  4.241
 36    61.961 53460.09122754  5.40 288.081540  46.664081  4.241
 37    45.018 53495.09130550 11.48 288.086174  46.627360  5.359
 37    42.740 53495.09130614 11.23 288.084904  46.630610  5.359
 37    37.297 53495.09130678 12.57 288.083624  46.633860  5.359
 37    39.128 53495.09130743 11.79 288.082346  46.637100  6.168
 37    37.001 53495.09130807 12.61 288.081076  46.640350  6.168
 37    36.884 53495.09130872 12.03 288.079796  46.643600  6.168
 38    43.134 53530.09128303 12.10 288.097288  46.640768  5.450
 38    44.954 53530.09128367  7.83 288.096008  46.644018  5.450
 38    44.682 53530.09128432  7.41 288.094728  46.647268  5.450
 38    44.775 53530.09128496  6.99 288.093458  46.650518  5.450
 38    44.532 53530.09128561  7.03 288.092178  46.653758  5.450
 38    56.166 53530.09128625  6.44 288.090908  46.657008  5.450
 38    44.403 53530.09128689  6.77 288.089628  46.660258  5.450
 38    60.754 53530.09128754  6.24 288.088348  46.663508  5.450
 38    62.450 53530.09128818  5.52 288.087078  46.666758  5.450
 39     3.071 53565.09131090 34.47 288.090822  46.630094  9.948
 39     3.009 53565.09131154 38.09 288.089552  46.633344  9.948
 39     2.495 53565.09131219 41.20 288.088272  46.636594  9.948
 39     1.831 53565.09131283 40.44 288.087001  46.639835 14.659
 39     1.964 53565.09131347 34.62 288.085721  46.643085 14.659
 39     1.369 53565.09131412 34.23 288.084451  46.646335 14.659
 39     1.530 53565.09131476 33.00 288.083171  46.649585 14.659
 39     2.406 53565.09131541 40.54 288.081901  46.652835 14.659
 39     1.421 53565.09131605 42.69 288.080621  46.656075 14.659
 40    26.677 53600.09125476  9.72 288.097736  46.639320  7.437
 40    24.484 53600.09125540  8.91 288.096456  46.642570  7.437
 40    22.918 53600.09125605  9.99 288.095186  46.645820  7.437
 40    24.873 53600.09125669  9.79 288.093906  46.649070  7.437
 40    24.386 53600.09125734  7.91 288.092636  46.652320  7.437
 40     0.616 53600.09125992 32.19 288.087526  46.665310  7.437
 41     4.517 53635.09124938 18.80 288.086653  46.626397  4.950
 41     3.804 53635.09125002 16.69 288.085373  46.629647  4.950
 41     4.025 53635.09125067 16.50 288.084103  46.632897  4.950
 41     3.802 53635.09125131 16.43 288.082827  46.636145  6.796
 41     4.323 53635.09125196 17.65 288.081547  46.639385  6.796
 41     4.365 53635.09125260 17.64 288.080267  46.642635  6.796
 41     4.302 53635.09125325 17.88 288.078997  46.645885  6.796
 41     4.488 53635.09125389 18.20 288.077717  46.649135  6.796
 42    45.991 53670.09127074 14.15 288.089378  46.627239  8.990
 42    24.644 53670.09127138 16.41 288.088108  46.630489  8.990
 42    23.443 53670.09127203 17.85 288.086828  46.633739  8.990
 42    22.732 53670.09127267 20.30 288.085551  46.636988 10.894
 42    37.691 53670.09127332 13.97 288.084281  46.640228 10.894
 42     1.292 53670.09127589 48.37 288.079171  46.653228 10.894
 43    45.432 53705.09120897 11.85 288.100055  46.641470  9.491
 43    46.051 53705.09120962 10.68 288.098775  46.644720  9.491
 43    46.483 53705.09121026 10.33 288.097500  46.647959  3.301
 43    46.554 53705.09121091  9.40 288.096230  46.651209  3.301
 43    51.818 53705.09121155  8.69 288.094950  46.654459  3.301
 43    55.864 53705.09121219  8.80 288.093670  46.657709  3.301
 43    57.956 53705.09121284  8.65 288.092400  46.660959  3.301
 43    61.014 53705.09121348  8.45 288.091120  46.664209  3.301
 43    61.918 53705.09121413  9.11 288.089850  46.667449  3.301
 44    47.427 53740.09112098 10.12 288.103201  46.646388  2.924
 44    33.930 53740.09112162 13.37 288.101931  46.649638  2.924
 44    34.100 53740.09112227 11.92 288.100661  46.652888  2.924
 44    33.893 53740.09112291 11.69 288.099381  46.656138  2.924
 44    24.270 53740.09112356 13.34 288.098101  46.659388  2.924
 44    25.782 53740.09112420 12.18 288.096831  46.662628  2.924
 44    24.320 53740.09112485 11.97 288.095551  46.665878  2.924
 44    41.185 53740.09112549  9.70 288.094281  46.669128  2.924
 45    48.968 53775.09113972  8.49 288.095838  46.636411  3.291
 45    23.308 53775.09114037 16.52 288.094558  46.639661  3.291
 45    22.234 53775.09114101 20.40 288.093288  46.642911  3.291
 45    22.673 53775.09114166 17.02 288.092008  46.646161  3.291
 45    23.026 53775.09114230 19.71 288.090728  46.649411  3.291
 45    22.918 53775.09114295 22.04 288.089457  46.652658  8.470
 45     0.568 53775.09114488 43.95 288.085627  46.662398  8.470
 45     1.114 53775.09114553 34.25 288.084347  46.665648  8.470
 46    45.871 53810.09112294  6.94 288.100298  46.641549  4.163
 46    46.576 53810.09112358  5.48 288.099028  46.644789  4.163
 46    47.583 53810.09112423  5.49 288.097748  46.648039  4.163
 46    47.782 53810.09112487  4.98 288.096478  46.651289  4.163
 46    47.601 53810.09112552  4.67 288.095198  46.654539  4.163
 46    54.938 53810.09112616  4.20 288.093923  46.657780  2.776
 46    57.520 53810.09112681  4.17 288.092653  46.661030  2.776
 46    59.524 53810.09112745  4.05 288.091373  46.664280  2.776
 46    62.149 53810.09112810  3.30 288.090103  46.667530  2.776
 47    46.456 53845.09116435 13.47 288.088856  46.627306  8.761
 47    23.649 53845.09116499 18.70 288.087586  46.630546  8.761
 47    24.009 53845.09116564 16.73 288.086306  46.633796  8.761
 47    37.991 53845.09116628 15.09 288.085036  46.637046  8.761
 47    38.750 53845.09116693 11.71 288.083756  46.640296  8.761
 47     1.743 53845.09116951 31.88 288.078654  46.653284  6.865
 48     4.370 53880.09119294 44.33 288.094639  46.633386  7.879
 48     4.394 53880.09119359 46.72 288.093369  46.636636  7.879
 48     4.081 53880.09119423 35.98 288.092087  46.639884 11.729
 48     4.139 53880.09119488 36.63 288.090817  46.643124 11.729
 48     3.904 53880.09119552 37.39 288.089537  46.646374 11.729
 49     3.968 53915.09124888 27.39 288.088624  46.625957  7.567
 49     4.024 53915.09124953 27.24 288.087344  46.629207  7.567
 49     3.598 53915.09125017 28.38 288.086074  46.632457  7.567
 49     3.462 53915.09125082 31.15 288.084794  46.635697  7.567
 49     3.153 53915.09125146 31.20 288.083524  46.638947  7.567
 49     2.729 53915.09125211 31.21 288.082244  46.642197  7.567
 50     0.469 53950.09126183 44.45 288.081660  46.644041 12.228
 50     0.336 53950.09126248 48.33 288.080380  46.647291 12.228
 50     0.268 53950.09126312 50.33 288.079110  46.650541 12.228
 51     3.433 53985.09119729 34.20 288.096852  46.637336 10.608
 51     2.911 53985.09119793 28.13 288.095572  46.640586 10.608
 51     2.980 53985.09119858 27.61 288.094302  46.643826 10.608
 51     3.150 53985.09119922 27.67 288.093022  46.647076 10.608
 51     3.071 53985.09119987 28.18 288.091752  46.650326 10.608
 51     3.000 53985.09120051 28.48 288.090472  46.653576 10.608
 51     3.397 53985.09120116 28.35 288.089202  46.656826 10.608
 51     4.527 53985.09120180 37.26 288.087921  46.660066  6.568
 52    43.533 54020.09123353  6.07 288.090970  46.630995  5.830
 52    40.833 54020.09123417  5.94 288.089700  46.634235  5.830
 52    41.250 54020.09123482  5.76 288.088420  46.637485  5.830
 52    44.362 54020.09123546  5.31 288.087140  46.640735  5.830
 52    42.474 54020.09123610  5.63 288.085870  46.643985  5.830
 52    40.694 54020.09123675  6.04 288.084590  46.647235  5.830
 52    40.557 54020.09123739  6.51 288.083315  46.650483  6.448
 52    29.682 54020.09123804  7.22 288.082035  46.653723  6.448
 52    42.442 54020.09123868  7.21 288.080765  46.656973  6.448
 53    22.866 54055.09122625 22.83 288.097842  46.641977  7.589
 53    22.550 54055.09122690 24.83 288.096562  46.645227  7.589
 53    22.742 54055.09122754 19.26 288.095292  46.648477  7.589
 53     2.092 54055.09122883 37.97 288.092734  46.654965  9.178
 53     2.049 54055.09122948 44.72 288.091454  46.658215  9.178
 53     1.574 54055.09123012 49.64 288.090184  46.661465  9.178
 53     1.456 54055.09123077 43.61 288.088904  46.664715  9.178
 54    43.389 54090.09121383  5.96 288.096810  46.639361  3.801
 54    43.718 54090.09121447  6.41 288.095540  46.642601  3.801
 54    45.035 54090.09121512  6.03 288.094260  46.645851  3.801
 54    48.713 54090.09121576  6.61 288.092990  46.649101  3.801
 54    44.639 54090.09121641  7.04 288.091710  46.652351  3.801
 54    47.988 54090.09121705  8.14 288.090440  46.655601  3.801
 54    39.669 54090.09121770 11.51 288.089158  46.658849  4.592
 54    24.567 54090.09121834 19.45 288.087888  46.662089  4.592
 54    24.654 54090.09121899 19.71 288.086608  46.665339  4.592
 55    27.861 54125.09113926  7.51 288.090390  46.627823  9.735
 55    22.892 54125.09113991 10.30 288.089120  46.631073  9.735
 55    22.126 54125.09114055 12.86 288.087840  46.634323  9.735
 55    22.814 54125.09114120 12.36 288.086560  46.637563  9.735
 55    22.549 54125.09114184 13.74 288.085290  46.640813  9.735
 55    22.288 54125.09114249 18.49 288.084010  46.644063  9.735
 55    22.875 54125.09114313 14.45 288.082740  46.647313  9.735
 55     1.630 54125.09114442 41.57 288.080180  46.653803  9.735
 57    46.117 54195.09114077  6.87 288.090981  46.628044  6.571
 57    44.509 54195.09114142  6.21 288.089701  46.631294  6.571
 57    47.420 54195.09114206  4.81 288.088431  46.634544  6.571
 57    45.421 54195.09114271  4.35 288.087151  46.637794  6.571
 57    44.461 54195.09114335  4.27 288.085871  46.641034  6.571
 57    42.857 54195.09114400  4.04 288.084601  46.644284  6.571
 57    41.052 54195.09114464  4.16 288.083321  46.647534  6.571
 57    41.287 54195.09114529  4.09 288.082041  46.650784  6.571
 57    42.314 54195.09114593  4.62 288.080771  46.654034  6.571
 58    38.751 54230.09119238 13.68 288.093155  46.631718  9.038
 58    24.577 54230.09119303 17.17 288.091875  46.634958  9.038
 58    22.318 54230.09119367 18.78 288.090595  46.638208  9.038
 58    22.032 54230.09119432 16.20 288.089325  46.641458  9.038
 58    23.346 54230.09119496 15.26 288.088045  46.644708  9.038
 58     0.724 54230.09119689 46.35 288.084225  46.654448  9.038
 58    -0.734 54230.09119754 51.33 288.082945  46.657698  9.038
 58     0.680 54230.09119818 32.47 288.081665  46.660948  9.038
 59     3.733 54265.09121039 17.76 288.093698  46.632597 11.639
 59     3.992 54265.09121103 15.56 288.092418  46.635837 11.639
 59     3.658 54265.09121168 17.29 288.091138  46.639087 11.639
 59     3.814 54265.09121232 18.20 288.089868  46.642337 11.639
 59     3.294 54265.09121297 15.69 288.088588  46.645587 11.639
 59     3.527 54265.09121361 15.50 288.087318  46.648837 11.639
 59     5.610 54265.09121426 13.98 288.086038  46.652077 11.639
 59     4.780 54265.09121490 19.79 288.084768  46.655327 11.639
 59     3.891 54265.09121555 24.00 288.083488  46.658577 11.639
 59     4.411 54265.09121619 22.31 288.082208  46.661827 11.639
 61    21.670 54335.09120428 17.54 288.096396  46.636173 15.626
 61    22.238 54335.09120492 19.30 288.095126  46.639413 15.626
 61    22.747 54335.09120557 11.03 288.093846  46.642663 15.626
 61     1.690 54335.09120621 31.67 288.092576  46.645913 15.626
 61     1.237 54335.09120685 31.18 288.091296  46.649163 15.626
 61     1.232 54335.09120750 28.98 288.090026  46.652413 15.626
 61     1.213 54335.09120814 27.28 288.088746  46.655653 15.626
 61     1.575 54335.09120879 27.72 288.087476  46.658903 15.626
 61     3.608 54335.09120943 30.23 288.086196  46.662153 15.626
 61     1.498 54335.09121008 26.79 288.084926  46.665403 15.626
 63    25.399 54405.09114770 17.32 288.095557  46.632434  5.046
 63    43.191 54405.09114834  8.98 288.094287  46.635684  5.046
 63    42.111 54405.09114899  8.18 288.093007  46.638934  5.046
 63    42.143 54405.09114963  9.84 288.091737  46.642184  5.046
 63    42.631 54405.09115028  9.45 288.090457  46.645434  5.046
 63    42.138 54405.09115092 10.11 288.089177  46.648674  5.046
 63    40.850 54405.09115157  9.98 288.087907  46.651924  5.046
 63    40.157 54405.09115221  9.85 288.086627  46.655174  5.046
 63    31.827 54405.09115286 10.13 288.085357  46.658424  5.046
 63    59.999 54405.09115350  9.45 288.084077  46.661664  5.046
 63    62.031 54405.09115415  8.59 288.082807  46.664914  5.046
 64     3.607 54440.09110459 34.98 288.088310  46.628021 20.592
 64     3.376 54440.09110523 42.25 288.087030  46.631271 20.592
 64     3.553 54440.09110588 46.08 288.085760  46.634521 20.592
 64     2.931 54440.09110652 43.87 288.084480  46.637771 20.592
 64     3.151 54440.09110716 41.48 288.083200  46.641021 20.592
 64     2.559 54440.09110781 44.09 288.081930  46.644261 20.592
 64     3.263 54440.09110845 41.63 288.080650  46.647511 20.592
 64     2.918 54440.09110910 42.43 288.079380  46.650761 20.592
 65    50.134 54475.09113463  8.90 288.094772  46.631969  5.096
 65    48.886 54475.09113527  8.23 288.093492  46.635219  5.096
 65    46.874 54475.09113592  9.35 288.092222  46.638459  5.096
 65    45.374 54475.09113656  8.21 288.090942  46.641709  5.096
 65    43.961 54475.09113721  7.25 288.089662  46.644959  5.096
 65    42.536 54475.09113785  7.66 288.088392  46.648209  5.096
 65    42.346 54475.09113850  6.87 288.087112  46.651459  5.096
 65    42.882 54475.09113914  6.42 288.085841  46.654707  4.019
 65    42.160 54475.09113979  7.60 288.084561  46.657947  4.019
 65    60.131 54475.09114043  5.80 288.083291  46.661197  4.019
 65    61.914 54475.09114108  4.86 288.082011  46.664447  4.019
 66    51.124 54510.09111866  8.72 288.090258  46.628748  6.508
 66    45.128 54510.09111930 11.32 288.088988  46.631998  6.508
 66    22.562 54510.09111995 17.31 288.087708  46.635238  6.508
 66    22.519 54510.09112059 18.86 288.086438  46.638488  6.508
 66    32.072 54510.09112124 15.26 288.085158  46.641738  6.508
 66    22.344 54510.09112188 20.37 288.083878  46.644988  6.508
 66    22.140 54510.09112253 21.48 288.082608  46.648228  6.508
 66    22.132 54510.09112317 22.58 288.081328  46.651478  6.508
 67    52.818 54545.09114929  4.14 288.095406  46.633631  3.837
 67    48.111 54545.09114993  4.60 288.094126  46.636871  3.837
 67    48.355 54545.09115058  4.35 288.092856  46.640121  3.837
 67    44.531 54545.09115122  5.92 288.091576  46.643371  3.837
 67    44.614 54545.09115187  6.41 288.090306  46.646621  3.837
 67    43.368 54545.09115251  7.25 288.089026  46.649861  3.837
 67    27.231 54545.09115315 11.76 288.087746  46.653111  3.837
 67    26.341 54545.09115380 10.74 288.086476  46.656361  3.837
 67    41.562 54545.09115444  7.39 288.085196  46.659611  3.837
 67    42.051 54545.09115509  5.49 288.083926  46.662861  3.837
 68    44.267 54580.09111640 12.70 288.094258  46.631561  9.573
 68    41.492 54580.09111704 14.13 288.092981  46.634801  3.458
 68    41.622 54580.09111769 11.86 288.091711  46.638051  3.458
 68    41.595 54580.09111833 12.31 288.090431  46.641301  3.458
 68    42.292 54580.09111897 11.16 288.089161  46.644551  3.458
 68    42.447 54580.09111962 10.90 288.087881  46.647801  3.458
 68    42.151 54580.09112026 10.95 288.086601  46.651051  3.458
 68    42.362 54580.09112091 11.54 288.085331  46.654291  3.458
 68    42.587 54580.09112155 11.66 288.084051  46.657541  3.458
 68    43.255 54580.09112220 12.24 288.082771  46.660791  3.458
 68    44.321 54580.09112284 11.35 288.081501  46.664041  3.458
 69     2.990 54615.09113884 30.95 288.095617  46.632660 11.002
 69     2.876 54615.09113948 37.52 288.094337  46.635910 11.002
 69     2.681 54615.09114013 36.11 288.093067  46.639160 11.002
 69     2.855 54615.09114077 33.40 288.091787  46.642410 11.002
 69     2.041 54615.09114141 29.25 288.090517  46.645660 11.002
 69     1.552 54615.09114206 27.73 288.089237  46.648900 11.002
 69     0.887 54615.09114270 25.84 288.087967  46.652150 11.002
 70    43.668 54650.09114980 13.24 288.092636  46.629027  4.981
 70    44.220 54650.09115044  9.42 288.091356  46.632277  4.981
 70    40.181 54650.09115109  9.88 288.090086  46.635527  4.981
 70    41.898 54650.09115173  6.51 288.088806  46.638767  4.981
 70    41.212 54650.09115238  5.89 288.087536  46.642017  4.981
 70    41.450 54650.09115302  5.82 288.086256  46.645267  4.981
 70    30.994 54650.09115366  9.21 288.084976  46.648517  4.981
 70    40.583 54650.09115431  7.22 288.083706  46.651767  4.981
 70    56.330 54650.09115495  6.75 288.082426  46.655007  4.981
 70    57.878 54650.09115560  6.82 288.081156  46.658257  4.981
 70    61.611 54650.09115624  5.40 288.079876  46.661507  4.981
 71    43.810 54685.09114521 13.09 288.096287  46.634311  5.878
 71    42.632 54685.09114586 10.85 288.095007  46.637561  5.878
 71    43.310 54685.09114650  8.99 288.093737  46.640811  5.878
 71    45.035 54685.09114715  7.93 288.092457  46.644061  5.878
 71    44.512 54685.09114779  7.43 288.091187  46.647311  5.878
 71    48.805 54685.09114843  7.71 288.089907  46.650551  5.878
 71    42.305 54685.09114908  8.94 288.088627  46.653801  5.878
 71    57.238 54685.09114972  7.01 288.087357  46.657051  5.878
 71    59.484 54685.09115037  6.66 288.086077  46.660301  5.878
 71    62.369 54685.09115101  6.48 288.084807  46.663551  5.878
 72     2.520 54720.09109428 35.64 288.090064  46.629965 19.725
 72     2.741 54720.09109492 40.90 288.088784  46.633215 19.725
 72     2.629 54720.09109557 47.09 288.087514  46.636465 19.725
 72     2.197 54720.09109621 42.58 288.086234  46.639715 19.725
 72     2.996 54720.09109685 41.41 288.084954  46.642955 19.725
 72     1.636 54720.09109750 45.08 288.083684  46.646205 19.725
 72     2.454 54720.09109814 45.79 288.082404  46.649455 19.725
 72     1.869 54720.09109879 47.25 288.081124  46.652705 19.725
 73    39.775 54755.09111879 11.61 288.093602  46.632341  5.376
 73    41.214 54755.09111944 10.03 288.092332  46.635591  5.376
 73    40.927 54755.09112008 10.39 288.091052  46.638841  5.376
 73    41.538 54755.09112073  9.73 288.089772  46.642091  5.376
 73    43.461 54755.09112137  9.02 288.088502  46.645341  5.376
 73    41.807 54755.09112202  8.75 288.087222  46.648581  5.376
 73    29.939 54755.09112460 10.48 288.082122  46.661581  5.376
 74    42.571 54790.09108713 11.02 288.088775  46.628322 12.224
 74    35.701 54790.09108778 12.32 288.087505  46.631572 12.224
 74     0.855 54790.09108907 38.86 288.084955  46.638062 12.224
 74     0.592 54790.09108971 37.96 288.083675  46.641312 12.224
 74     1.003 54790.09109036 33.27 288.082395  46.644562 12.224
 74     1.060 54790.09109100 30.12 288.081125  46.647802 12.224
 74     1.626 54790.09109165 28.58 288.079845  46.651052 12.224
 74     0.482 54790.09109229 44.25 288.078565  46.654302 12.224
 75    50.077 54825.09111465 12.46 288.093121  46.630800  4.525
 75    48.708 54825.09111530 11.98 288.091851  46.634050  4.525
 75    46.237 54825.09111594 11.83 288.090571  46.637300  4.525
 75    45.025 54825.09111659 11.86 288.089291  46.640550  4.525
 75    41.566 54825.09111723 13.18 288.088021  46.643800  4.525
 75    31.364 54825.09111788 17.02 288.086741  46.647050  4.525
 75    32.638 54825.09111852 14.81 288.085471  46.650290  4.525
 75    37.037 54825.09111917 12.97 288.084191  46.653540  4.525
 75    39.440 54825.09111981 11.17 288.082911  46.656790  4.525
 75    39.077 54825.09112046 10.44 288.081641  46.660040  4.525
 76    50.440 54860.09108080  3.65 288.090567  46.629742  2.654
 76    49.061 54860.09108144  4.31 288.089297  46.632992  2.654
 76    47.416 54860.09108208  5.36 288.088017  46.636242  2.654
 76    25.419 54860.09108273 12.11 288.086737  46.639492  2.654
 76    25.422 54860.09108337 10.69 288.085467  46.642742  2.654
 76    41.616 54860.09108402  5.56 288.084187  46.645982  2.654
 76    41.445 54860.09108466  4.44 288.082917  46.649232  2.654
 76    41.297 54860.09108531  3.97 288.081637  46.652482  2.654
 76    22.493 54860.09108595  9.46 288.080357  46.655732  2.654
 77    50.834 54895.09111585  4.90 288.094960  46.631799  8.384
 77    48.487 54895.09111649  6.23 288.093680  46.635039  8.384
 77    42.362 54895.09111714  9.34 288.092410  46.638289  8.384
 77    22.853 54895.09111778 12.21 288.091130  46.641539  8.384
 77    21.502 54895.09111842 15.05 288.089860  46.644789  8.384
 77    21.292 54895.09111907 20.97 288.088580  46.648029  8.384
 77    21.036 54895.09111971 21.70 288.087310  46.651279  8.384
 77    21.275 54895.09112036 22.08 288.086030  46.654529  8.384
 77     0.127 54895.09112165 33.20 288.083480  46.661029  8.384
 77    -0.537 54895.09112229 32.49 288.082200  46.664269  8.384
 78    46.318 54930.09107929 12.95 288.089369  46.628481  4.283
 78    43.692 54930.09107994 12.71 288.088089  46.631731  4.283
 78    41.788 54930.09108058 12.16 288.086819  46.634981  4.283
 78    40.427 54930.09108123 10.90 288.085539  46.638221  4.283
 78    43.415 54930.09108187 10.17 288.084269  46.641471  4.283
 78    40.035 54930.09108251 10.88 288.082989  46.644721  4.283
 78    32.647 54930.09108316 12.03 288.081709  46.647971  4.283
 78    29.566 54930.09108380 12.36 288.080439  46.651211  4.283
 78    29.278 54930.09108445 13.24 288.079159  46.654461  4.283
 79    43.391 54965.09111647 10.51 288.093692  46.631053  3.897
 79    41.442 54965.09111712  9.32 288.092412  46.634303  3.897
 79    41.348 54965.09111776  8.37 288.091142  46.637553  3.897
 79    41.391 54965.09111841  8.41 288.089862  46.640803  3.897
 79    44.121 54965.09111905  7.70 288.088592  46.644053  3.897
 79    41.720 54965.09111970  7.87 288.087312  46.647293  3.897
 79    41.535 54965.09112034  8.13 288.086042  46.650543  3.897
 79    41.389 54965.09112098  8.05 288.084762  46.653793  3.897
 79    41.352 54965.09112163  8.47 288.083482  46.657043  3.897
 79    40.626 54965.09112227  8.09 288.082212  46.660293  3.897
 79    62.884 54965.09112292  6.37 288.080932  46.663533  3.897
 80     3.063 55000.09113649 34.10 288.092082  46.630767 16.494
 80     3.242 55000.09113714 38.98 288.090802  46.634017 16.494
 80     2.479 55000.09113778 44.02 288.089532  46.637267 16.494
 80     1.764 55000.09113842 40.78 288.088252  46.640517 16.494
 80     2.312 55000.09113907 38.36 288.086982  46.643767 16.494
 80     2.360 55000.09113971 43.12 288.085702  46.647007 16.494
 80     2.292 55000.09114036 46.99 288.084432  46.650257 16.494
 80     2.502 55000.09114100 46.01 288.083152  46.653507 16.494
 82    21.880 55070.09111338 20.42 288.095926  46.638053 13.505
 82    21.534 55070.09111403 19.98 288.094656  46.641303 13.505
 82    22.471 55070.09111467 13.24 288.093376  46.644553 13.505
 82     1.249 55070.09111596 33.10 288.090826  46.651043 13.505
 82     1.145 55070.09111661 30.70 288.089546  46.654293 13.505
 82     1.856 55070.09111725 39.53 288.088276  46.657543 13.505
 82     1.846 55070.09111790 43.54 288.086996  46.660793 13.505
 82     2.182 55070.09111854 29.95 288.085726  46.664043 13.505
 83     3.664 55105.09105310 22.38 288.089146  46.627858 12.027
 83     3.060 55105.09105374 24.04 288.087866  46.631108 12.027
 83     2.928 55105.09105439 23.18 288.086596  46.634358 12.027
 83     2.567 55105.09105503 23.67 288.085316  46.637598 12.027
 83     2.895 55105.09105568 23.86 288.084046  46.640848 12.027
 83     2.480 55105.09105632 22.05 288.082766  46.644098 12.027
 83     2.431 55105.09105697 21.74 288.081486  46.647348 12.027
 83     2.980 55105.09105761 20.89 288.080216  46.650598 12.027
 83     1.732 55105.09105826 31.63 288.078936  46.653838 12.027
 84    42.943 55140.09105982 10.49 288.095166  46.631468  3.976
 84    41.908 55140.09106047  9.30 288.093896  46.634718  3.976
 84    42.207 55140.09106111  7.65 288.092616  46.637968  3.976
 84    44.960 55140.09106176  7.65 288.091346  46.641218  3.976
 84    44.303 55140.09106240  6.92 288.090066  46.644458  3.976
 84    42.866 55140.09106304  6.94 288.088796  46.647708  3.976
 84    50.902 55140.09106369  6.87 288.087516  46.650958  3.976
 84    42.016 55140.09106433  7.55 288.086236  46.654208  3.976
 84    57.984 55140.09106498  6.11 288.084966  46.657458  3.976
 84    38.545 55140.09106562  9.47 288.083686  46.660698  3.976
 84    62.030 55140.09106627  9.01 288.082416  46.663948  3.976
 85    29.584 55175.09102031  8.08 288.090126  46.629679  5.945
 85    22.679 55175.09102096 12.71 288.088846  46.632929  5.945
 85    22.395 55175.09102160 13.42 288.087576  46.636179  5.945
 85    36.158 55175.09102225 10.65 288.086296  46.639429  5.945
 85    41.348 55175.09102289  6.29 288.085016  46.642679  5.945
 85    44.861 55175.09102354  4.11 288.083746  46.645919  5.945
 85    47.572 55175.09102418  7.83 288.082466  46.649169  5.945
 85    51.137 55175.09102547  8.50 288.079916  46.655669  5.945
 86    49.943 55210.09105549  5.62 288.093177  46.632218  7.219
 86    48.445 55210.09105613  5.89 288.091907  46.635458  7.219
 86    46.757 55210.09105678  6.47 288.090627  46.638708  7.219
 86    42.351 55210.09105742  8.73 288.089347  46.641958  7.219
 86    41.205 55210.09105807 10.99 288.088077  46.645208  7.219
 86    23.748 55210.09105871 16.94 288.086797  46.648458  7.219
 86    25.969 55210.09105936 13.52 288.085527  46.651698  7.219
 86    23.752 55210.09106000 18.04 288.084247  46.654948  7.219
 86    23.489 55210.09106065 18.87 288.082967  46.658198  7.219
 87    51.379 55245.09102650  3.21 288.090894  46.628649  2.330
 87    49.517 55245.09102714  3.73 288.089624  46.631899  2.330
 87    47.310 55245.09102779  4.38 288.088344  46.635149  2.330
 87    45.276 55245.09102843  6.59 288.087074  46.638399  2.330
 87    40.321 55245.09102908  8.17 288.085794  46.641639  2.330
 87    42.783 55245.09102972  5.67 288.084524  46.644889  2.330
 87    41.338 55245.09103037  4.44 288.083244  46.648139  2.330
 87    41.380 55245.09103101  4.54 288.081964  46.651389  2.330
 87    41.489 55245.09103166  5.27 288.080694  46.654629  2.330
 88    22.396 55280.09104967 22.04 288.094635  46.635038 10.587
 88    22.516 55280.09105032 22.89 288.093365  46.638288 10.587
 88    23.005 55280.09105096 14.93 288.092085  46.641538 10.587
 88    22.747 55280.09105161 15.75 288.090815  46.644788 10.587
 88     1.682 55280.09105354 41.07 288.086985  46.654528 10.587
 88     2.100 55280.09105419 42.85 288.085705  46.657778 10.587
 88    -0.254 55280.09105483 43.62 288.084435  46.661028 10.587
 88     1.701 55280.09105548 34.00 288.083155  46.664268 10.587
 89    45.756 55315.09101447 13.17 288.093543  46.629567  4.449
 89    43.834 55315.09101512 12.22 288.092263  46.632817  4.449
 89    41.591 55315.09101576 12.12 288.090993  46.636067  4.449
 89    41.224 55315.09101641 11.54 288.089713  46.639307  4.449
 89    41.216 55315.09101705 12.01 288.088443  46.642557  4.449
 89    41.715 55315.09101769 10.21 288.087163  46.645807  4.449
 89    41.287 55315.09101834 10.78 288.085893  46.649057  4.449
 89    41.558 55315.09101898 11.32 288.084613  46.652307  4.449
 89    40.868 55315.09101963 11.77 288.083333  46.655547  4.449
 89    40.333 55315.09102027 11.00 288.082063  46.658797  4.449
 89    60.803 55315.09102092  9.82 288.080783  46.662047  4.449
 90     3.247 55350.09102115 40.68 288.095403  46.635009 20.466
 90     2.650 55350.09102179 47.93 288.094133  46.638259 20.466
 90     2.927 55350.09102244 43.44 288.092853  46.641509 20.466
 90     2.817 55350.09102308 44.49 288.091583  46.644759 20.466
 90     3.557 55350.09102373 44.09 288.090303  46.647999 20.466
 90     2.899 55350.09102437 44.21 288.089033  46.651249 20.466
 90     2.871 55350.09102502 45.33 288.087753  46.654499 20.466
 90     3.134 55350.09102566 45.66 288.086473  46.657749 20.466
 90     2.853 55350.09102630 41.29 288.085203  46.660999 20.466
 90     2.261 55350.09102695 33.20 288.083923  46.664239 20.466
 91     0.782 55385.09101623 50.19 288.083902  46.643149 17.397
 91     0.475 55385.09101688 51.25 288.082622  46.646399 17.397
 91     0.386 55385.09101752 53.22 288.081342  46.649649 17.397
 91     0.363 55385.09101817 52.56 288.080072  46.652889 17.397
 92     5.224 55420.09103911 13.56 288.094609  46.631588  6.711
 92     4.531 55420.09103975 12.14 288.093329  46.634828  6.711
 92     4.914 55420.09104040 12.70 288.092059  46.638078  6.711
 92     5.007 55420.09104104 12.36 288.090779  46.641328  6.711
 92     4.221 55420.09104168 13.54 288.089509  46.644578  6.711
 92     3.674 55420.09104233 14.73 288.088229  46.647828  6.711
 92     4.036 55420.09104297 14.59 288.086959  46.651068  6.711
 92     4.785 55420.09104362 15.12 288.085679  46.654318  6.711
 92     4.912 55420.09104426 16.25 288.084399  46.657568  6.711
 92     4.854 55420.09104491 18.49 288.083129  46.660818  6.711
 92     3.689 55420.09104555 29.58 288.081849  46.664058  6.711
 93     2.837 55455.09101704 36.58 288.097373  46.636344  8.431
 93     2.436 55455.09101768 42.35 288.096105  46.639586 16.948
 93     2.903 55455.09101833 37.45 288.094825  46.642836 16.948
 93     2.222 55455.09101897 33.56 288.093555  46.646086 16.948
 93     0.914 55455.09101962 31.59 288.092275  46.649336 16.948
 93     0.934 55455.09102026 29.58 288.091005  46.652586 16.948
 93     1.244 55455.09102090 28.43 288.089725  46.655826 16.948
 93     2.101 55455.09102155 37.33 288.088455  46.659076 16.948
 93     1.843 55455.09102219 39.77 288.087175  46.662326 16.948
 93     1.847 55455.09102284 27.66 288.085895  46.665576 16.948
